8 0.1 0.9 0.1 2000 1235 1 L8_lam0.1_s1
8 0.1 0.9 0.1 2000 1236 2 L8_lam0.1_s2
8 0.1 0.9 0.1 2000 1237 3 L8_lam0.1_s3
8 0.2 0.8 0.2 2000 1238 1 L8_lam0.2_s1
8 0.2 0.8 0.2 2000 1239 2 L8_lam0.2_s2
8 0.2 0.8 0.2 2000 1240 3 L8_lam0.2_s3
8 0.3 0.7 0.3 2000 1241 1 L8_lam0.3_s1
8 0.3 0.7 0.3 2000 1242 2 L8_lam0.3_s2
8 0.3 0.7 0.3 2000 1243 3 L8_lam0.3_s3
8 0.4 0.6 0.4 2000 1244 1 L8_lam0.4_s1
8 0.4 0.6 0.4 2000 1245 2 L8_lam0.4_s2
8 0.4 0.6 0.4 2000 1246 3 L8_lam0.4_s3
8 0.46 0.54 0.46 2000 1247 1 L8_lam0.46_s1
8 0.46 0.54 0.46 2000 1248 2 L8_lam0.46_s2
8 0.46 0.54 0.46 2000 1249 3 L8_lam0.46_s3
8 0.47 0.53 0.47 2000 1250 1 L8_lam0.47_s1
8 0.47 0.53 0.47 2000 1251 2 L8_lam0.47_s2
8 0.47 0.53 0.47 2000 1252 3 L8_lam0.47_s3
8 0.48 0.52 0.48 2000 1253 1 L8_lam0.48_s1
8 0.48 0.52 0.48 2000 1254 2 L8_lam0.48_s2
8 0.48 0.52 0.48 2000 1255 3 L8_lam0.48_s3
8 0.49 0.51 0.49 2000 1256 1 L8_lam0.49_s1
8 0.49 0.51 0.49 2000 1257 2 L8_lam0.49_s2
8 0.49 0.51 0.49 2000 1258 3 L8_lam0.49_s3
8 0.5 0.5 0.5 2000 1259 1 L8_lam0.5_s1
8 0.5 0.5 0.5 2000 1260 2 L8_lam0.5_s2
8 0.5 0.5 0.5 2000 1261 3 L8_lam0.5_s3
8 0.51 0.49 0.51 2000 1262 1 L8_lam0.51_s1
8 0.51 0.49 0.51 2000 1263 2 L8_lam0.51_s2
8 0.51 0.49 0.51 2000 1264 3 L8_lam0.51_s3
8 0.52 0.48 0.52 2000 1265 1 L8_lam0.52_s1
8 0.52 0.48 0.52 2000 1266 2 L8_lam0.52_s2
8 0.52 0.48 0.52 2000 1267 3 L8_lam0.52_s3
8 0.53 0.47 0.53 2000 1268 1 L8_lam0.53_s1
8 0.53 0.47 0.53 2000 1269 2 L8_lam0.53_s2
8 0.53 0.47 0.53 2000 1270 3 L8_lam0.53_s3
8 0.54 0.46 0.54 2000 1271 1 L8_lam0.54_s1
8 0.54 0.46 0.54 2000 1272 2 L8_lam0.54_s2
8 0.54 0.46 0.54 2000 1273 3 L8_lam0.54_s3
8 0.6 0.4 0.6 2000 1274 1 L8_lam0.6_s1
8 0.6 0.4 0.6 2000 1275 2 L8_lam0.6_s2
8 0.6 0.4 0.6 2000 1276 3 L8_lam0.6_s3
8 0.7 0.3 0.7 2000 1277 1 L8_lam0.7_s1
8 0.7 0.3 0.7 2000 1278 2 L8_lam0.7_s2
8 0.7 0.3 0.7 2000 1279 3 L8_lam0.7_s3
8 0.8 0.2 0.8 2000 1280 1 L8_lam0.8_s1
8 0.8 0.2 0.8 2000 1281 2 L8_lam0.8_s2
8 0.8 0.2 0.8 2000 1282 3 L8_lam0.8_s3
8 0.9 0.1 0.9 2000 1283 1 L8_lam0.9_s1
8 0.9 0.1 0.9 2000 1284 2 L8_lam0.9_s2
8 0.9 0.1 0.9 2000 1285 3 L8_lam0.9_s3
12 0.1 0.9 0.1 2000 1286 1 L12_lam0.1_s1
12 0.1 0.9 0.1 2000 1287 2 L12_lam0.1_s2
12 0.1 0.9 0.1 2000 1288 3 L12_lam0.1_s3
12 0.2 0.8 0.2 2000 1289 1 L12_lam0.2_s1
12 0.2 0.8 0.2 2000 1290 2 L12_lam0.2_s2
12 0.2 0.8 0.2 2000 1291 3 L12_lam0.2_s3
12 0.3 0.7 0.3 2000 1292 1 L12_lam0.3_s1
12 0.3 0.7 0.3 2000 1293 2 L12_lam0.3_s2
12 0.3 0.7 0.3 2000 1294 3 L12_lam0.3_s3
12 0.4 0.6 0.4 2000 1295 1 L12_lam0.4_s1
12 0.4 0.6 0.4 2000 1296 2 L12_lam0.4_s2
12 0.4 0.6 0.4 2000 1297 3 L12_lam0.4_s3
12 0.46 0.54 0.46 2000 1298 1 L12_lam0.46_s1
12 0.46 0.54 0.46 2000 1299 2 L12_lam0.46_s2
12 0.46 0.54 0.46 2000 1300 3 L12_lam0.46_s3
12 0.47 0.53 0.47 2000 1301 1 L12_lam0.47_s1
12 0.47 0.53 0.47 2000 1302 2 L12_lam0.47_s2
12 0.47 0.53 0.47 2000 1303 3 L12_lam0.47_s3
12 0.48 0.52 0.48 2000 1304 1 L12_lam0.48_s1
12 0.48 0.52 0.48 2000 1305 2 L12_lam0.48_s2
12 0.48 0.52 0.48 2000 1306 3 L12_lam0.48_s3
12 0.49 0.51 0.49 2000 1307 1 L12_lam0.49_s1
12 0.49 0.51 0.49 2000 1308 2 L12_lam0.49_s2
12 0.49 0.51 0.49 2000 1309 3 L12_lam0.49_s3
12 0.5 0.5 0.5 2000 1310 1 L12_lam0.5_s1
12 0.5 0.5 0.5 2000 1311 2 L12_lam0.5_s2
12 0.5 0.5 0.5 2000 1312 3 L12_lam0.5_s3
12 0.51 0.49 0.51 2000 1313 1 L12_lam0.51_s1
12 0.51 0.49 0.51 2000 1314 2 L12_lam0.51_s2
12 0.51 0.49 0.51 2000 1315 3 L12_lam0.51_s3
12 0.52 0.48 0.52 2000 1316 1 L12_lam0.52_s1
12 0.52 0.48 0.52 2000 1317 2 L12_lam0.52_s2
12 0.52 0.48 0.52 2000 1318 3 L12_lam0.52_s3
12 0.53 0.47 0.53 2000 1319 1 L12_lam0.53_s1
12 0.53 0.47 0.53 2000 1320 2 L12_lam0.53_s2
12 0.53 0.47 0.53 2000 1321 3 L12_lam0.53_s3
12 0.54 0.46 0.54 2000 1322 1 L12_lam0.54_s1
12 0.54 0.46 0.54 2000 1323 2 L12_lam0.54_s2
12 0.54 0.46 0.54 2000 1324 3 L12_lam0.54_s3
12 0.6 0.4 0.6 2000 1325 1 L12_lam0.6_s1
12 0.6 0.4 0.6 2000 1326 2 L12_lam0.6_s2
12 0.6 0.4 0.6 2000 1327 3 L12_lam0.6_s3
12 0.7 0.3 0.7 2000 1328 1 L12_lam0.7_s1
12 0.7 0.3 0.7 2000 1329 2 L12_lam0.7_s2
12 0.7 0.3 0.7 2000 1330 3 L12_lam0.7_s3
12 0.8 0.2 0.8 2000 1331 1 L12_lam0.8_s1
12 0.8 0.2 0.8 2000 1332 2 L12_lam0.8_s2
12 0.8 0.2 0.8 2000 1333 3 L12_lam0.8_s3
12 0.9 0.1 0.9 2000 1334 1 L12_lam0.9_s1
12 0.9 0.1 0.9 2000 1335 2 L12_lam0.9_s2
12 0.9 0.1 0.9 2000 1336 3 L12_lam0.9_s3
16 0.1 0.9 0.1 2000 1337 1 L16_lam0.1_s1
16 0.1 0.9 0.1 2000 1338 2 L16_lam0.1_s2
16 0.1 0.9 0.1 2000 1339 3 L16_lam0.1_s3
16 0.2 0.8 0.2 2000 1340 1 L16_lam0.2_s1
16 0.2 0.8 0.2 2000 1341 2 L16_lam0.2_s2
16 0.2 0.8 0.2 2000 1342 3 L16_lam0.2_s3
16 0.3 0.7 0.3 2000 1343 1 L16_lam0.3_s1
16 0.3 0.7 0.3 2000 1344 2 L16_lam0.3_s2
16 0.3 0.7 0.3 2000 1345 3 L16_lam0.3_s3
16 0.4 0.6 0.4 2000 1346 1 L16_lam0.4_s1
16 0.4 0.6 0.4 2000 1347 2 L16_lam0.4_s2
16 0.4 0.6 0.4 2000 1348 3 L16_lam0.4_s3
16 0.46 0.54 0.46 2000 1349 1 L16_lam0.46_s1
16 0.46 0.54 0.46 2000 1350 2 L16_lam0.46_s2
16 0.46 0.54 0.46 2000 1351 3 L16_lam0.46_s3
16 0.47 0.53 0.47 2000 1352 1 L16_lam0.47_s1
16 0.47 0.53 0.47 2000 1353 2 L16_lam0.47_s2
16 0.47 0.53 0.47 2000 1354 3 L16_lam0.47_s3
16 0.48 0.52 0.48 2000 1355 1 L16_lam0.48_s1
16 0.48 0.52 0.48 2000 1356 2 L16_lam0.48_s2
16 0.48 0.52 0.48 2000 1357 3 L16_lam0.48_s3
16 0.49 0.51 0.49 2000 1358 1 L16_lam0.49_s1
16 0.49 0.51 0.49 2000 1359 2 L16_lam0.49_s2
16 0.49 0.51 0.49 2000 1360 3 L16_lam0.49_s3
16 0.5 0.5 0.5 2000 1361 1 L16_lam0.5_s1
16 0.5 0.5 0.5 2000 1362 2 L16_lam0.5_s2
16 0.5 0.5 0.5 2000 1363 3 L16_lam0.5_s3
16 0.51 0.49 0.51 2000 1364 1 L16_lam0.51_s1
16 0.51 0.49 0.51 2000 1365 2 L16_lam0.51_s2
16 0.51 0.49 0.51 2000 1366 3 L16_lam0.51_s3
16 0.52 0.48 0.52 2000 1367 1 L16_lam0.52_s1
16 0.52 0.48 0.52 2000 1368 2 L16_lam0.52_s2
16 0.52 0.48 0.52 2000 1369 3 L16_lam0.52_s3
16 0.53 0.47 0.53 2000 1370 1 L16_lam0.53_s1
16 0.53 0.47 0.53 2000 1371 2 L16_lam0.53_s2
16 0.53 0.47 0.53 2000 1372 3 L16_lam0.53_s3
16 0.54 0.46 0.54 2000 1373 1 L16_lam0.54_s1
16 0.54 0.46 0.54 2000 1374 2 L16_lam0.54_s2
16 0.54 0.46 0.54 2000 1375 3 L16_lam0.54_s3
16 0.6 0.4 0.6 2000 1376 1 L16_lam0.6_s1
16 0.6 0.4 0.6 2000 1377 2 L16_lam0.6_s2
16 0.6 0.4 0.6 2000 1378 3 L16_lam0.6_s3
16 0.7 0.3 0.7 2000 1379 1 L16_lam0.7_s1
16 0.7 0.3 0.7 2000 1380 2 L16_lam0.7_s2
16 0.7 0.3 0.7 2000 1381 3 L16_lam0.7_s3
16 0.8 0.2 0.8 2000 1382 1 L16_lam0.8_s1
16 0.8 0.2 0.8 2000 1383 2 L16_lam0.8_s2
16 0.8 0.2 0.8 2000 1384 3 L16_lam0.8_s3
16 0.9 0.1 0.9 2000 1385 1 L16_lam0.9_s1
16 0.9 0.1 0.9 2000 1386 2 L16_lam0.9_s2
16 0.9 0.1 0.9 2000 1387 3 L16_lam0.9_s3
