8 0.5 0.1 0.9 0.1 600 5001 1 dephasing_p05_L8_lam0.10_P0.5_s1
8 0.5 0.1 0.9 0.1 600 5002 2 dephasing_p05_L8_lam0.10_P0.5_s2
8 0.5 0.1 0.9 0.1 600 5003 3 dephasing_p05_L8_lam0.10_P0.5_s3
8 0.5 0.1 0.9 0.1 600 5004 4 dephasing_p05_L8_lam0.10_P0.5_s4
8 0.5 0.1 0.9 0.1 600 5005 5 dephasing_p05_L8_lam0.10_P0.5_s5
8 0.5 0.1 0.9 0.1 600 5006 6 dephasing_p05_L8_lam0.10_P0.5_s6
8 0.5 0.1 0.9 0.1 600 5007 7 dephasing_p05_L8_lam0.10_P0.5_s7
8 0.5 0.1 0.9 0.1 600 5008 8 dephasing_p05_L8_lam0.10_P0.5_s8
8 0.5 0.1 0.9 0.1 600 5009 9 dephasing_p05_L8_lam0.10_P0.5_s9
8 0.5 0.1 0.9 0.1 600 5010 10 dephasing_p05_L8_lam0.10_P0.5_s10
8 0.5 0.2 0.8 0.2 600 5011 1 dephasing_p05_L8_lam0.20_P0.5_s1
8 0.5 0.2 0.8 0.2 600 5012 2 dephasing_p05_L8_lam0.20_P0.5_s2
8 0.5 0.2 0.8 0.2 600 5013 3 dephasing_p05_L8_lam0.20_P0.5_s3
8 0.5 0.2 0.8 0.2 600 5014 4 dephasing_p05_L8_lam0.20_P0.5_s4
8 0.5 0.2 0.8 0.2 600 5015 5 dephasing_p05_L8_lam0.20_P0.5_s5
8 0.5 0.2 0.8 0.2 600 5016 6 dephasing_p05_L8_lam0.20_P0.5_s6
8 0.5 0.2 0.8 0.2 600 5017 7 dephasing_p05_L8_lam0.20_P0.5_s7
8 0.5 0.2 0.8 0.2 600 5018 8 dephasing_p05_L8_lam0.20_P0.5_s8
8 0.5 0.2 0.8 0.2 600 5019 9 dephasing_p05_L8_lam0.20_P0.5_s9
8 0.5 0.2 0.8 0.2 600 5020 10 dephasing_p05_L8_lam0.20_P0.5_s10
8 0.5 0.3 0.7 0.3 600 5021 1 dephasing_p05_L8_lam0.30_P0.5_s1
8 0.5 0.3 0.7 0.3 600 5022 2 dephasing_p05_L8_lam0.30_P0.5_s2
8 0.5 0.3 0.7 0.3 600 5023 3 dephasing_p05_L8_lam0.30_P0.5_s3
8 0.5 0.3 0.7 0.3 600 5024 4 dephasing_p05_L8_lam0.30_P0.5_s4
8 0.5 0.3 0.7 0.3 600 5025 5 dephasing_p05_L8_lam0.30_P0.5_s5
8 0.5 0.3 0.7 0.3 600 5026 6 dephasing_p05_L8_lam0.30_P0.5_s6
8 0.5 0.3 0.7 0.3 600 5027 7 dephasing_p05_L8_lam0.30_P0.5_s7
8 0.5 0.3 0.7 0.3 600 5028 8 dephasing_p05_L8_lam0.30_P0.5_s8
8 0.5 0.3 0.7 0.3 600 5029 9 dephasing_p05_L8_lam0.30_P0.5_s9
8 0.5 0.3 0.7 0.3 600 5030 10 dephasing_p05_L8_lam0.30_P0.5_s10
8 0.5 0.4 0.6 0.4 600 5031 1 dephasing_p05_L8_lam0.40_P0.5_s1
8 0.5 0.4 0.6 0.4 600 5032 2 dephasing_p05_L8_lam0.40_P0.5_s2
8 0.5 0.4 0.6 0.4 600 5033 3 dephasing_p05_L8_lam0.40_P0.5_s3
8 0.5 0.4 0.6 0.4 600 5034 4 dephasing_p05_L8_lam0.40_P0.5_s4
8 0.5 0.4 0.6 0.4 600 5035 5 dephasing_p05_L8_lam0.40_P0.5_s5
8 0.5 0.4 0.6 0.4 600 5036 6 dephasing_p05_L8_lam0.40_P0.5_s6
8 0.5 0.4 0.6 0.4 600 5037 7 dephasing_p05_L8_lam0.40_P0.5_s7
8 0.5 0.4 0.6 0.4 600 5038 8 dephasing_p05_L8_lam0.40_P0.5_s8
8 0.5 0.4 0.6 0.4 600 5039 9 dephasing_p05_L8_lam0.40_P0.5_s9
8 0.5 0.4 0.6 0.4 600 5040 10 dephasing_p05_L8_lam0.40_P0.5_s10
8 0.5 0.45 0.55 0.45 600 5041 1 dephasing_p05_L8_lam0.45_P0.5_s1
8 0.5 0.45 0.55 0.45 600 5042 2 dephasing_p05_L8_lam0.45_P0.5_s2
8 0.5 0.45 0.55 0.45 600 5043 3 dephasing_p05_L8_lam0.45_P0.5_s3
8 0.5 0.45 0.55 0.45 600 5044 4 dephasing_p05_L8_lam0.45_P0.5_s4
8 0.5 0.45 0.55 0.45 600 5045 5 dephasing_p05_L8_lam0.45_P0.5_s5
8 0.5 0.45 0.55 0.45 600 5046 6 dephasing_p05_L8_lam0.45_P0.5_s6
8 0.5 0.45 0.55 0.45 600 5047 7 dephasing_p05_L8_lam0.45_P0.5_s7
8 0.5 0.45 0.55 0.45 600 5048 8 dephasing_p05_L8_lam0.45_P0.5_s8
8 0.5 0.45 0.55 0.45 600 5049 9 dephasing_p05_L8_lam0.45_P0.5_s9
8 0.5 0.45 0.55 0.45 600 5050 10 dephasing_p05_L8_lam0.45_P0.5_s10
8 0.5 0.48 0.52 0.48 600 5051 1 dephasing_p05_L8_lam0.48_P0.5_s1
8 0.5 0.48 0.52 0.48 600 5052 2 dephasing_p05_L8_lam0.48_P0.5_s2
8 0.5 0.48 0.52 0.48 600 5053 3 dephasing_p05_L8_lam0.48_P0.5_s3
8 0.5 0.48 0.52 0.48 600 5054 4 dephasing_p05_L8_lam0.48_P0.5_s4
8 0.5 0.48 0.52 0.48 600 5055 5 dephasing_p05_L8_lam0.48_P0.5_s5
8 0.5 0.48 0.52 0.48 600 5056 6 dephasing_p05_L8_lam0.48_P0.5_s6
8 0.5 0.48 0.52 0.48 600 5057 7 dephasing_p05_L8_lam0.48_P0.5_s7
8 0.5 0.48 0.52 0.48 600 5058 8 dephasing_p05_L8_lam0.48_P0.5_s8
8 0.5 0.48 0.52 0.48 600 5059 9 dephasing_p05_L8_lam0.48_P0.5_s9
8 0.5 0.48 0.52 0.48 600 5060 10 dephasing_p05_L8_lam0.48_P0.5_s10
8 0.5 0.49 0.51 0.49 600 5061 1 dephasing_p05_L8_lam0.49_P0.5_s1
8 0.5 0.49 0.51 0.49 600 5062 2 dephasing_p05_L8_lam0.49_P0.5_s2
8 0.5 0.49 0.51 0.49 600 5063 3 dephasing_p05_L8_lam0.49_P0.5_s3
8 0.5 0.49 0.51 0.49 600 5064 4 dephasing_p05_L8_lam0.49_P0.5_s4
8 0.5 0.49 0.51 0.49 600 5065 5 dephasing_p05_L8_lam0.49_P0.5_s5
8 0.5 0.49 0.51 0.49 600 5066 6 dephasing_p05_L8_lam0.49_P0.5_s6
8 0.5 0.49 0.51 0.49 600 5067 7 dephasing_p05_L8_lam0.49_P0.5_s7
8 0.5 0.49 0.51 0.49 600 5068 8 dephasing_p05_L8_lam0.49_P0.5_s8
8 0.5 0.49 0.51 0.49 600 5069 9 dephasing_p05_L8_lam0.49_P0.5_s9
8 0.5 0.49 0.51 0.49 600 5070 10 dephasing_p05_L8_lam0.49_P0.5_s10
8 0.5 0.5 0.5 0.5 600 5071 1 dephasing_p05_L8_lam0.50_P0.5_s1
8 0.5 0.5 0.5 0.5 600 5072 2 dephasing_p05_L8_lam0.50_P0.5_s2
8 0.5 0.5 0.5 0.5 600 5073 3 dephasing_p05_L8_lam0.50_P0.5_s3
8 0.5 0.5 0.5 0.5 600 5074 4 dephasing_p05_L8_lam0.50_P0.5_s4
8 0.5 0.5 0.5 0.5 600 5075 5 dephasing_p05_L8_lam0.50_P0.5_s5
8 0.5 0.5 0.5 0.5 600 5076 6 dephasing_p05_L8_lam0.50_P0.5_s6
8 0.5 0.5 0.5 0.5 600 5077 7 dephasing_p05_L8_lam0.50_P0.5_s7
8 0.5 0.5 0.5 0.5 600 5078 8 dephasing_p05_L8_lam0.50_P0.5_s8
8 0.5 0.5 0.5 0.5 600 5079 9 dephasing_p05_L8_lam0.50_P0.5_s9
8 0.5 0.5 0.5 0.5 600 5080 10 dephasing_p05_L8_lam0.50_P0.5_s10
8 0.5 0.51 0.49 0.51 600 5081 1 dephasing_p05_L8_lam0.51_P0.5_s1
8 0.5 0.51 0.49 0.51 600 5082 2 dephasing_p05_L8_lam0.51_P0.5_s2
8 0.5 0.51 0.49 0.51 600 5083 3 dephasing_p05_L8_lam0.51_P0.5_s3
8 0.5 0.51 0.49 0.51 600 5084 4 dephasing_p05_L8_lam0.51_P0.5_s4
8 0.5 0.51 0.49 0.51 600 5085 5 dephasing_p05_L8_lam0.51_P0.5_s5
8 0.5 0.51 0.49 0.51 600 5086 6 dephasing_p05_L8_lam0.51_P0.5_s6
8 0.5 0.51 0.49 0.51 600 5087 7 dephasing_p05_L8_lam0.51_P0.5_s7
8 0.5 0.51 0.49 0.51 600 5088 8 dephasing_p05_L8_lam0.51_P0.5_s8
8 0.5 0.51 0.49 0.51 600 5089 9 dephasing_p05_L8_lam0.51_P0.5_s9
8 0.5 0.51 0.49 0.51 600 5090 10 dephasing_p05_L8_lam0.51_P0.5_s10
8 0.5 0.52 0.48 0.52 600 5091 1 dephasing_p05_L8_lam0.52_P0.5_s1
8 0.5 0.52 0.48 0.52 600 5092 2 dephasing_p05_L8_lam0.52_P0.5_s2
8 0.5 0.52 0.48 0.52 600 5093 3 dephasing_p05_L8_lam0.52_P0.5_s3
8 0.5 0.52 0.48 0.52 600 5094 4 dephasing_p05_L8_lam0.52_P0.5_s4
8 0.5 0.52 0.48 0.52 600 5095 5 dephasing_p05_L8_lam0.52_P0.5_s5
8 0.5 0.52 0.48 0.52 600 5096 6 dephasing_p05_L8_lam0.52_P0.5_s6
8 0.5 0.52 0.48 0.52 600 5097 7 dephasing_p05_L8_lam0.52_P0.5_s7
8 0.5 0.52 0.48 0.52 600 5098 8 dephasing_p05_L8_lam0.52_P0.5_s8
8 0.5 0.52 0.48 0.52 600 5099 9 dephasing_p05_L8_lam0.52_P0.5_s9
8 0.5 0.52 0.48 0.52 600 5100 10 dephasing_p05_L8_lam0.52_P0.5_s10
8 0.5 0.53 0.47 0.53 600 5101 1 dephasing_p05_L8_lam0.53_P0.5_s1
8 0.5 0.53 0.47 0.53 600 5102 2 dephasing_p05_L8_lam0.53_P0.5_s2
8 0.5 0.53 0.47 0.53 600 5103 3 dephasing_p05_L8_lam0.53_P0.5_s3
8 0.5 0.53 0.47 0.53 600 5104 4 dephasing_p05_L8_lam0.53_P0.5_s4
8 0.5 0.53 0.47 0.53 600 5105 5 dephasing_p05_L8_lam0.53_P0.5_s5
8 0.5 0.53 0.47 0.53 600 5106 6 dephasing_p05_L8_lam0.53_P0.5_s6
8 0.5 0.53 0.47 0.53 600 5107 7 dephasing_p05_L8_lam0.53_P0.5_s7
8 0.5 0.53 0.47 0.53 600 5108 8 dephasing_p05_L8_lam0.53_P0.5_s8
8 0.5 0.53 0.47 0.53 600 5109 9 dephasing_p05_L8_lam0.53_P0.5_s9
8 0.5 0.53 0.47 0.53 600 5110 10 dephasing_p05_L8_lam0.53_P0.5_s10
8 0.5 0.55 0.45 0.55 600 5111 1 dephasing_p05_L8_lam0.55_P0.5_s1
8 0.5 0.55 0.45 0.55 600 5112 2 dephasing_p05_L8_lam0.55_P0.5_s2
8 0.5 0.55 0.45 0.55 600 5113 3 dephasing_p05_L8_lam0.55_P0.5_s3
8 0.5 0.55 0.45 0.55 600 5114 4 dephasing_p05_L8_lam0.55_P0.5_s4
8 0.5 0.55 0.45 0.55 600 5115 5 dephasing_p05_L8_lam0.55_P0.5_s5
8 0.5 0.55 0.45 0.55 600 5116 6 dephasing_p05_L8_lam0.55_P0.5_s6
8 0.5 0.55 0.45 0.55 600 5117 7 dephasing_p05_L8_lam0.55_P0.5_s7
8 0.5 0.55 0.45 0.55 600 5118 8 dephasing_p05_L8_lam0.55_P0.5_s8
8 0.5 0.55 0.45 0.55 600 5119 9 dephasing_p05_L8_lam0.55_P0.5_s9
8 0.5 0.55 0.45 0.55 600 5120 10 dephasing_p05_L8_lam0.55_P0.5_s10
8 0.5 0.6 0.4 0.6 600 5121 1 dephasing_p05_L8_lam0.60_P0.5_s1
8 0.5 0.6 0.4 0.6 600 5122 2 dephasing_p05_L8_lam0.60_P0.5_s2
8 0.5 0.6 0.4 0.6 600 5123 3 dephasing_p05_L8_lam0.60_P0.5_s3
8 0.5 0.6 0.4 0.6 600 5124 4 dephasing_p05_L8_lam0.60_P0.5_s4
8 0.5 0.6 0.4 0.6 600 5125 5 dephasing_p05_L8_lam0.60_P0.5_s5
8 0.5 0.6 0.4 0.6 600 5126 6 dephasing_p05_L8_lam0.60_P0.5_s6
8 0.5 0.6 0.4 0.6 600 5127 7 dephasing_p05_L8_lam0.60_P0.5_s7
8 0.5 0.6 0.4 0.6 600 5128 8 dephasing_p05_L8_lam0.60_P0.5_s8
8 0.5 0.6 0.4 0.6 600 5129 9 dephasing_p05_L8_lam0.60_P0.5_s9
8 0.5 0.6 0.4 0.6 600 5130 10 dephasing_p05_L8_lam0.60_P0.5_s10
8 0.5 0.7 0.3 0.7 600 5131 1 dephasing_p05_L8_lam0.70_P0.5_s1
8 0.5 0.7 0.3 0.7 600 5132 2 dephasing_p05_L8_lam0.70_P0.5_s2
8 0.5 0.7 0.3 0.7 600 5133 3 dephasing_p05_L8_lam0.70_P0.5_s3
8 0.5 0.7 0.3 0.7 600 5134 4 dephasing_p05_L8_lam0.70_P0.5_s4
8 0.5 0.7 0.3 0.7 600 5135 5 dephasing_p05_L8_lam0.70_P0.5_s5
8 0.5 0.7 0.3 0.7 600 5136 6 dephasing_p05_L8_lam0.70_P0.5_s6
8 0.5 0.7 0.3 0.7 600 5137 7 dephasing_p05_L8_lam0.70_P0.5_s7
8 0.5 0.7 0.3 0.7 600 5138 8 dephasing_p05_L8_lam0.70_P0.5_s8
8 0.5 0.7 0.3 0.7 600 5139 9 dephasing_p05_L8_lam0.70_P0.5_s9
8 0.5 0.7 0.3 0.7 600 5140 10 dephasing_p05_L8_lam0.70_P0.5_s10
8 0.5 0.8 0.2 0.8 600 5141 1 dephasing_p05_L8_lam0.80_P0.5_s1
8 0.5 0.8 0.2 0.8 600 5142 2 dephasing_p05_L8_lam0.80_P0.5_s2
8 0.5 0.8 0.2 0.8 600 5143 3 dephasing_p05_L8_lam0.80_P0.5_s3
8 0.5 0.8 0.2 0.8 600 5144 4 dephasing_p05_L8_lam0.80_P0.5_s4
8 0.5 0.8 0.2 0.8 600 5145 5 dephasing_p05_L8_lam0.80_P0.5_s5
8 0.5 0.8 0.2 0.8 600 5146 6 dephasing_p05_L8_lam0.80_P0.5_s6
8 0.5 0.8 0.2 0.8 600 5147 7 dephasing_p05_L8_lam0.80_P0.5_s7
8 0.5 0.8 0.2 0.8 600 5148 8 dephasing_p05_L8_lam0.80_P0.5_s8
8 0.5 0.8 0.2 0.8 600 5149 9 dephasing_p05_L8_lam0.80_P0.5_s9
8 0.5 0.8 0.2 0.8 600 5150 10 dephasing_p05_L8_lam0.80_P0.5_s10
8 0.5 0.9 0.1 0.9 600 5151 1 dephasing_p05_L8_lam0.90_P0.5_s1
8 0.5 0.9 0.1 0.9 600 5152 2 dephasing_p05_L8_lam0.90_P0.5_s2
8 0.5 0.9 0.1 0.9 600 5153 3 dephasing_p05_L8_lam0.90_P0.5_s3
8 0.5 0.9 0.1 0.9 600 5154 4 dephasing_p05_L8_lam0.90_P0.5_s4
8 0.5 0.9 0.1 0.9 600 5155 5 dephasing_p05_L8_lam0.90_P0.5_s5
8 0.5 0.9 0.1 0.9 600 5156 6 dephasing_p05_L8_lam0.90_P0.5_s6
8 0.5 0.9 0.1 0.9 600 5157 7 dephasing_p05_L8_lam0.90_P0.5_s7
8 0.5 0.9 0.1 0.9 600 5158 8 dephasing_p05_L8_lam0.90_P0.5_s8
8 0.5 0.9 0.1 0.9 600 5159 9 dephasing_p05_L8_lam0.90_P0.5_s9
8 0.5 0.9 0.1 0.9 600 5160 10 dephasing_p05_L8_lam0.90_P0.5_s10
8 0.5 0.95 0.05 0.95 600 5161 1 dephasing_p05_L8_lam0.95_P0.5_s1
8 0.5 0.95 0.05 0.95 600 5162 2 dephasing_p05_L8_lam0.95_P0.5_s2
8 0.5 0.95 0.05 0.95 600 5163 3 dephasing_p05_L8_lam0.95_P0.5_s3
8 0.5 0.95 0.05 0.95 600 5164 4 dephasing_p05_L8_lam0.95_P0.5_s4
8 0.5 0.95 0.05 0.95 600 5165 5 dephasing_p05_L8_lam0.95_P0.5_s5
8 0.5 0.95 0.05 0.95 600 5166 6 dephasing_p05_L8_lam0.95_P0.5_s6
8 0.5 0.95 0.05 0.95 600 5167 7 dephasing_p05_L8_lam0.95_P0.5_s7
8 0.5 0.95 0.05 0.95 600 5168 8 dephasing_p05_L8_lam0.95_P0.5_s8
8 0.5 0.95 0.05 0.95 600 5169 9 dephasing_p05_L8_lam0.95_P0.5_s9
8 0.5 0.95 0.05 0.95 600 5170 10 dephasing_p05_L8_lam0.95_P0.5_s10
12 0.5 0.1 0.9 0.1 600 5171 1 dephasing_p05_L12_lam0.10_P0.5_s1
12 0.5 0.1 0.9 0.1 600 5172 2 dephasing_p05_L12_lam0.10_P0.5_s2
12 0.5 0.1 0.9 0.1 600 5173 3 dephasing_p05_L12_lam0.10_P0.5_s3
12 0.5 0.1 0.9 0.1 600 5174 4 dephasing_p05_L12_lam0.10_P0.5_s4
12 0.5 0.1 0.9 0.1 600 5175 5 dephasing_p05_L12_lam0.10_P0.5_s5
12 0.5 0.1 0.9 0.1 600 5176 6 dephasing_p05_L12_lam0.10_P0.5_s6
12 0.5 0.1 0.9 0.1 600 5177 7 dephasing_p05_L12_lam0.10_P0.5_s7
12 0.5 0.1 0.9 0.1 600 5178 8 dephasing_p05_L12_lam0.10_P0.5_s8
12 0.5 0.1 0.9 0.1 600 5179 9 dephasing_p05_L12_lam0.10_P0.5_s9
12 0.5 0.1 0.9 0.1 600 5180 10 dephasing_p05_L12_lam0.10_P0.5_s10
12 0.5 0.2 0.8 0.2 600 5181 1 dephasing_p05_L12_lam0.20_P0.5_s1
12 0.5 0.2 0.8 0.2 600 5182 2 dephasing_p05_L12_lam0.20_P0.5_s2
12 0.5 0.2 0.8 0.2 600 5183 3 dephasing_p05_L12_lam0.20_P0.5_s3
12 0.5 0.2 0.8 0.2 600 5184 4 dephasing_p05_L12_lam0.20_P0.5_s4
12 0.5 0.2 0.8 0.2 600 5185 5 dephasing_p05_L12_lam0.20_P0.5_s5
12 0.5 0.2 0.8 0.2 600 5186 6 dephasing_p05_L12_lam0.20_P0.5_s6
12 0.5 0.2 0.8 0.2 600 5187 7 dephasing_p05_L12_lam0.20_P0.5_s7
12 0.5 0.2 0.8 0.2 600 5188 8 dephasing_p05_L12_lam0.20_P0.5_s8
12 0.5 0.2 0.8 0.2 600 5189 9 dephasing_p05_L12_lam0.20_P0.5_s9
12 0.5 0.2 0.8 0.2 600 5190 10 dephasing_p05_L12_lam0.20_P0.5_s10
12 0.5 0.3 0.7 0.3 600 5191 1 dephasing_p05_L12_lam0.30_P0.5_s1
12 0.5 0.3 0.7 0.3 600 5192 2 dephasing_p05_L12_lam0.30_P0.5_s2
12 0.5 0.3 0.7 0.3 600 5193 3 dephasing_p05_L12_lam0.30_P0.5_s3
12 0.5 0.3 0.7 0.3 600 5194 4 dephasing_p05_L12_lam0.30_P0.5_s4
12 0.5 0.3 0.7 0.3 600 5195 5 dephasing_p05_L12_lam0.30_P0.5_s5
12 0.5 0.3 0.7 0.3 600 5196 6 dephasing_p05_L12_lam0.30_P0.5_s6
12 0.5 0.3 0.7 0.3 600 5197 7 dephasing_p05_L12_lam0.30_P0.5_s7
12 0.5 0.3 0.7 0.3 600 5198 8 dephasing_p05_L12_lam0.30_P0.5_s8
12 0.5 0.3 0.7 0.3 600 5199 9 dephasing_p05_L12_lam0.30_P0.5_s9
12 0.5 0.3 0.7 0.3 600 5200 10 dephasing_p05_L12_lam0.30_P0.5_s10
12 0.5 0.4 0.6 0.4 600 5201 1 dephasing_p05_L12_lam0.40_P0.5_s1
12 0.5 0.4 0.6 0.4 600 5202 2 dephasing_p05_L12_lam0.40_P0.5_s2
12 0.5 0.4 0.6 0.4 600 5203 3 dephasing_p05_L12_lam0.40_P0.5_s3
12 0.5 0.4 0.6 0.4 600 5204 4 dephasing_p05_L12_lam0.40_P0.5_s4
12 0.5 0.4 0.6 0.4 600 5205 5 dephasing_p05_L12_lam0.40_P0.5_s5
12 0.5 0.4 0.6 0.4 600 5206 6 dephasing_p05_L12_lam0.40_P0.5_s6
12 0.5 0.4 0.6 0.4 600 5207 7 dephasing_p05_L12_lam0.40_P0.5_s7
12 0.5 0.4 0.6 0.4 600 5208 8 dephasing_p05_L12_lam0.40_P0.5_s8
12 0.5 0.4 0.6 0.4 600 5209 9 dephasing_p05_L12_lam0.40_P0.5_s9
12 0.5 0.4 0.6 0.4 600 5210 10 dephasing_p05_L12_lam0.40_P0.5_s10
12 0.5 0.45 0.55 0.45 600 5211 1 dephasing_p05_L12_lam0.45_P0.5_s1
12 0.5 0.45 0.55 0.45 600 5212 2 dephasing_p05_L12_lam0.45_P0.5_s2
12 0.5 0.45 0.55 0.45 600 5213 3 dephasing_p05_L12_lam0.45_P0.5_s3
12 0.5 0.45 0.55 0.45 600 5214 4 dephasing_p05_L12_lam0.45_P0.5_s4
12 0.5 0.45 0.55 0.45 600 5215 5 dephasing_p05_L12_lam0.45_P0.5_s5
12 0.5 0.45 0.55 0.45 600 5216 6 dephasing_p05_L12_lam0.45_P0.5_s6
12 0.5 0.45 0.55 0.45 600 5217 7 dephasing_p05_L12_lam0.45_P0.5_s7
12 0.5 0.45 0.55 0.45 600 5218 8 dephasing_p05_L12_lam0.45_P0.5_s8
12 0.5 0.45 0.55 0.45 600 5219 9 dephasing_p05_L12_lam0.45_P0.5_s9
12 0.5 0.45 0.55 0.45 600 5220 10 dephasing_p05_L12_lam0.45_P0.5_s10
12 0.5 0.48 0.52 0.48 600 5221 1 dephasing_p05_L12_lam0.48_P0.5_s1
12 0.5 0.48 0.52 0.48 600 5222 2 dephasing_p05_L12_lam0.48_P0.5_s2
12 0.5 0.48 0.52 0.48 600 5223 3 dephasing_p05_L12_lam0.48_P0.5_s3
12 0.5 0.48 0.52 0.48 600 5224 4 dephasing_p05_L12_lam0.48_P0.5_s4
12 0.5 0.48 0.52 0.48 600 5225 5 dephasing_p05_L12_lam0.48_P0.5_s5
12 0.5 0.48 0.52 0.48 600 5226 6 dephasing_p05_L12_lam0.48_P0.5_s6
12 0.5 0.48 0.52 0.48 600 5227 7 dephasing_p05_L12_lam0.48_P0.5_s7
12 0.5 0.48 0.52 0.48 600 5228 8 dephasing_p05_L12_lam0.48_P0.5_s8
12 0.5 0.48 0.52 0.48 600 5229 9 dephasing_p05_L12_lam0.48_P0.5_s9
12 0.5 0.48 0.52 0.48 600 5230 10 dephasing_p05_L12_lam0.48_P0.5_s10
12 0.5 0.49 0.51 0.49 600 5231 1 dephasing_p05_L12_lam0.49_P0.5_s1
12 0.5 0.49 0.51 0.49 600 5232 2 dephasing_p05_L12_lam0.49_P0.5_s2
12 0.5 0.49 0.51 0.49 600 5233 3 dephasing_p05_L12_lam0.49_P0.5_s3
12 0.5 0.49 0.51 0.49 600 5234 4 dephasing_p05_L12_lam0.49_P0.5_s4
12 0.5 0.49 0.51 0.49 600 5235 5 dephasing_p05_L12_lam0.49_P0.5_s5
12 0.5 0.49 0.51 0.49 600 5236 6 dephasing_p05_L12_lam0.49_P0.5_s6
12 0.5 0.49 0.51 0.49 600 5237 7 dephasing_p05_L12_lam0.49_P0.5_s7
12 0.5 0.49 0.51 0.49 600 5238 8 dephasing_p05_L12_lam0.49_P0.5_s8
12 0.5 0.49 0.51 0.49 600 5239 9 dephasing_p05_L12_lam0.49_P0.5_s9
12 0.5 0.49 0.51 0.49 600 5240 10 dephasing_p05_L12_lam0.49_P0.5_s10
12 0.5 0.5 0.5 0.5 600 5241 1 dephasing_p05_L12_lam0.50_P0.5_s1
12 0.5 0.5 0.5 0.5 600 5242 2 dephasing_p05_L12_lam0.50_P0.5_s2
12 0.5 0.5 0.5 0.5 600 5243 3 dephasing_p05_L12_lam0.50_P0.5_s3
12 0.5 0.5 0.5 0.5 600 5244 4 dephasing_p05_L12_lam0.50_P0.5_s4
12 0.5 0.5 0.5 0.5 600 5245 5 dephasing_p05_L12_lam0.50_P0.5_s5
12 0.5 0.5 0.5 0.5 600 5246 6 dephasing_p05_L12_lam0.50_P0.5_s6
12 0.5 0.5 0.5 0.5 600 5247 7 dephasing_p05_L12_lam0.50_P0.5_s7
12 0.5 0.5 0.5 0.5 600 5248 8 dephasing_p05_L12_lam0.50_P0.5_s8
12 0.5 0.5 0.5 0.5 600 5249 9 dephasing_p05_L12_lam0.50_P0.5_s9
12 0.5 0.5 0.5 0.5 600 5250 10 dephasing_p05_L12_lam0.50_P0.5_s10
12 0.5 0.51 0.49 0.51 600 5251 1 dephasing_p05_L12_lam0.51_P0.5_s1
12 0.5 0.51 0.49 0.51 600 5252 2 dephasing_p05_L12_lam0.51_P0.5_s2
12 0.5 0.51 0.49 0.51 600 5253 3 dephasing_p05_L12_lam0.51_P0.5_s3
12 0.5 0.51 0.49 0.51 600 5254 4 dephasing_p05_L12_lam0.51_P0.5_s4
12 0.5 0.51 0.49 0.51 600 5255 5 dephasing_p05_L12_lam0.51_P0.5_s5
12 0.5 0.51 0.49 0.51 600 5256 6 dephasing_p05_L12_lam0.51_P0.5_s6
12 0.5 0.51 0.49 0.51 600 5257 7 dephasing_p05_L12_lam0.51_P0.5_s7
12 0.5 0.51 0.49 0.51 600 5258 8 dephasing_p05_L12_lam0.51_P0.5_s8
12 0.5 0.51 0.49 0.51 600 5259 9 dephasing_p05_L12_lam0.51_P0.5_s9
12 0.5 0.51 0.49 0.51 600 5260 10 dephasing_p05_L12_lam0.51_P0.5_s10
12 0.5 0.52 0.48 0.52 600 5261 1 dephasing_p05_L12_lam0.52_P0.5_s1
12 0.5 0.52 0.48 0.52 600 5262 2 dephasing_p05_L12_lam0.52_P0.5_s2
12 0.5 0.52 0.48 0.52 600 5263 3 dephasing_p05_L12_lam0.52_P0.5_s3
12 0.5 0.52 0.48 0.52 600 5264 4 dephasing_p05_L12_lam0.52_P0.5_s4
12 0.5 0.52 0.48 0.52 600 5265 5 dephasing_p05_L12_lam0.52_P0.5_s5
12 0.5 0.52 0.48 0.52 600 5266 6 dephasing_p05_L12_lam0.52_P0.5_s6
12 0.5 0.52 0.48 0.52 600 5267 7 dephasing_p05_L12_lam0.52_P0.5_s7
12 0.5 0.52 0.48 0.52 600 5268 8 dephasing_p05_L12_lam0.52_P0.5_s8
12 0.5 0.52 0.48 0.52 600 5269 9 dephasing_p05_L12_lam0.52_P0.5_s9
12 0.5 0.52 0.48 0.52 600 5270 10 dephasing_p05_L12_lam0.52_P0.5_s10
12 0.5 0.53 0.47 0.53 600 5271 1 dephasing_p05_L12_lam0.53_P0.5_s1
12 0.5 0.53 0.47 0.53 600 5272 2 dephasing_p05_L12_lam0.53_P0.5_s2
12 0.5 0.53 0.47 0.53 600 5273 3 dephasing_p05_L12_lam0.53_P0.5_s3
12 0.5 0.53 0.47 0.53 600 5274 4 dephasing_p05_L12_lam0.53_P0.5_s4
12 0.5 0.53 0.47 0.53 600 5275 5 dephasing_p05_L12_lam0.53_P0.5_s5
12 0.5 0.53 0.47 0.53 600 5276 6 dephasing_p05_L12_lam0.53_P0.5_s6
12 0.5 0.53 0.47 0.53 600 5277 7 dephasing_p05_L12_lam0.53_P0.5_s7
12 0.5 0.53 0.47 0.53 600 5278 8 dephasing_p05_L12_lam0.53_P0.5_s8
12 0.5 0.53 0.47 0.53 600 5279 9 dephasing_p05_L12_lam0.53_P0.5_s9
12 0.5 0.53 0.47 0.53 600 5280 10 dephasing_p05_L12_lam0.53_P0.5_s10
12 0.5 0.55 0.45 0.55 600 5281 1 dephasing_p05_L12_lam0.55_P0.5_s1
12 0.5 0.55 0.45 0.55 600 5282 2 dephasing_p05_L12_lam0.55_P0.5_s2
12 0.5 0.55 0.45 0.55 600 5283 3 dephasing_p05_L12_lam0.55_P0.5_s3
12 0.5 0.55 0.45 0.55 600 5284 4 dephasing_p05_L12_lam0.55_P0.5_s4
12 0.5 0.55 0.45 0.55 600 5285 5 dephasing_p05_L12_lam0.55_P0.5_s5
12 0.5 0.55 0.45 0.55 600 5286 6 dephasing_p05_L12_lam0.55_P0.5_s6
12 0.5 0.55 0.45 0.55 600 5287 7 dephasing_p05_L12_lam0.55_P0.5_s7
12 0.5 0.55 0.45 0.55 600 5288 8 dephasing_p05_L12_lam0.55_P0.5_s8
12 0.5 0.55 0.45 0.55 600 5289 9 dephasing_p05_L12_lam0.55_P0.5_s9
12 0.5 0.55 0.45 0.55 600 5290 10 dephasing_p05_L12_lam0.55_P0.5_s10
12 0.5 0.6 0.4 0.6 600 5291 1 dephasing_p05_L12_lam0.60_P0.5_s1
12 0.5 0.6 0.4 0.6 600 5292 2 dephasing_p05_L12_lam0.60_P0.5_s2
12 0.5 0.6 0.4 0.6 600 5293 3 dephasing_p05_L12_lam0.60_P0.5_s3
12 0.5 0.6 0.4 0.6 600 5294 4 dephasing_p05_L12_lam0.60_P0.5_s4
12 0.5 0.6 0.4 0.6 600 5295 5 dephasing_p05_L12_lam0.60_P0.5_s5
12 0.5 0.6 0.4 0.6 600 5296 6 dephasing_p05_L12_lam0.60_P0.5_s6
12 0.5 0.6 0.4 0.6 600 5297 7 dephasing_p05_L12_lam0.60_P0.5_s7
12 0.5 0.6 0.4 0.6 600 5298 8 dephasing_p05_L12_lam0.60_P0.5_s8
12 0.5 0.6 0.4 0.6 600 5299 9 dephasing_p05_L12_lam0.60_P0.5_s9
12 0.5 0.6 0.4 0.6 600 5300 10 dephasing_p05_L12_lam0.60_P0.5_s10
12 0.5 0.7 0.3 0.7 600 5301 1 dephasing_p05_L12_lam0.70_P0.5_s1
12 0.5 0.7 0.3 0.7 600 5302 2 dephasing_p05_L12_lam0.70_P0.5_s2
12 0.5 0.7 0.3 0.7 600 5303 3 dephasing_p05_L12_lam0.70_P0.5_s3
12 0.5 0.7 0.3 0.7 600 5304 4 dephasing_p05_L12_lam0.70_P0.5_s4
12 0.5 0.7 0.3 0.7 600 5305 5 dephasing_p05_L12_lam0.70_P0.5_s5
12 0.5 0.7 0.3 0.7 600 5306 6 dephasing_p05_L12_lam0.70_P0.5_s6
12 0.5 0.7 0.3 0.7 600 5307 7 dephasing_p05_L12_lam0.70_P0.5_s7
12 0.5 0.7 0.3 0.7 600 5308 8 dephasing_p05_L12_lam0.70_P0.5_s8
12 0.5 0.7 0.3 0.7 600 5309 9 dephasing_p05_L12_lam0.70_P0.5_s9
12 0.5 0.7 0.3 0.7 600 5310 10 dephasing_p05_L12_lam0.70_P0.5_s10
12 0.5 0.8 0.2 0.8 600 5311 1 dephasing_p05_L12_lam0.80_P0.5_s1
12 0.5 0.8 0.2 0.8 600 5312 2 dephasing_p05_L12_lam0.80_P0.5_s2
12 0.5 0.8 0.2 0.8 600 5313 3 dephasing_p05_L12_lam0.80_P0.5_s3
12 0.5 0.8 0.2 0.8 600 5314 4 dephasing_p05_L12_lam0.80_P0.5_s4
12 0.5 0.8 0.2 0.8 600 5315 5 dephasing_p05_L12_lam0.80_P0.5_s5
12 0.5 0.8 0.2 0.8 600 5316 6 dephasing_p05_L12_lam0.80_P0.5_s6
12 0.5 0.8 0.2 0.8 600 5317 7 dephasing_p05_L12_lam0.80_P0.5_s7
12 0.5 0.8 0.2 0.8 600 5318 8 dephasing_p05_L12_lam0.80_P0.5_s8
12 0.5 0.8 0.2 0.8 600 5319 9 dephasing_p05_L12_lam0.80_P0.5_s9
12 0.5 0.8 0.2 0.8 600 5320 10 dephasing_p05_L12_lam0.80_P0.5_s10
12 0.5 0.9 0.1 0.9 600 5321 1 dephasing_p05_L12_lam0.90_P0.5_s1
12 0.5 0.9 0.1 0.9 600 5322 2 dephasing_p05_L12_lam0.90_P0.5_s2
12 0.5 0.9 0.1 0.9 600 5323 3 dephasing_p05_L12_lam0.90_P0.5_s3
12 0.5 0.9 0.1 0.9 600 5324 4 dephasing_p05_L12_lam0.90_P0.5_s4
12 0.5 0.9 0.1 0.9 600 5325 5 dephasing_p05_L12_lam0.90_P0.5_s5
12 0.5 0.9 0.1 0.9 600 5326 6 dephasing_p05_L12_lam0.90_P0.5_s6
12 0.5 0.9 0.1 0.9 600 5327 7 dephasing_p05_L12_lam0.90_P0.5_s7
12 0.5 0.9 0.1 0.9 600 5328 8 dephasing_p05_L12_lam0.90_P0.5_s8
12 0.5 0.9 0.1 0.9 600 5329 9 dephasing_p05_L12_lam0.90_P0.5_s9
12 0.5 0.9 0.1 0.9 600 5330 10 dephasing_p05_L12_lam0.90_P0.5_s10
12 0.5 0.95 0.05 0.95 600 5331 1 dephasing_p05_L12_lam0.95_P0.5_s1
12 0.5 0.95 0.05 0.95 600 5332 2 dephasing_p05_L12_lam0.95_P0.5_s2
12 0.5 0.95 0.05 0.95 600 5333 3 dephasing_p05_L12_lam0.95_P0.5_s3
12 0.5 0.95 0.05 0.95 600 5334 4 dephasing_p05_L12_lam0.95_P0.5_s4
12 0.5 0.95 0.05 0.95 600 5335 5 dephasing_p05_L12_lam0.95_P0.5_s5
12 0.5 0.95 0.05 0.95 600 5336 6 dephasing_p05_L12_lam0.95_P0.5_s6
12 0.5 0.95 0.05 0.95 600 5337 7 dephasing_p05_L12_lam0.95_P0.5_s7
12 0.5 0.95 0.05 0.95 600 5338 8 dephasing_p05_L12_lam0.95_P0.5_s8
12 0.5 0.95 0.05 0.95 600 5339 9 dephasing_p05_L12_lam0.95_P0.5_s9
12 0.5 0.95 0.05 0.95 600 5340 10 dephasing_p05_L12_lam0.95_P0.5_s10
16 0.5 0.1 0.9 0.1 600 5341 1 dephasing_p05_L16_lam0.10_P0.5_s1
16 0.5 0.1 0.9 0.1 600 5342 2 dephasing_p05_L16_lam0.10_P0.5_s2
16 0.5 0.1 0.9 0.1 600 5343 3 dephasing_p05_L16_lam0.10_P0.5_s3
16 0.5 0.1 0.9 0.1 600 5344 4 dephasing_p05_L16_lam0.10_P0.5_s4
16 0.5 0.1 0.9 0.1 600 5345 5 dephasing_p05_L16_lam0.10_P0.5_s5
16 0.5 0.1 0.9 0.1 600 5346 6 dephasing_p05_L16_lam0.10_P0.5_s6
16 0.5 0.1 0.9 0.1 600 5347 7 dephasing_p05_L16_lam0.10_P0.5_s7
16 0.5 0.1 0.9 0.1 600 5348 8 dephasing_p05_L16_lam0.10_P0.5_s8
16 0.5 0.1 0.9 0.1 600 5349 9 dephasing_p05_L16_lam0.10_P0.5_s9
16 0.5 0.1 0.9 0.1 600 5350 10 dephasing_p05_L16_lam0.10_P0.5_s10
16 0.5 0.2 0.8 0.2 600 5351 1 dephasing_p05_L16_lam0.20_P0.5_s1
16 0.5 0.2 0.8 0.2 600 5352 2 dephasing_p05_L16_lam0.20_P0.5_s2
16 0.5 0.2 0.8 0.2 600 5353 3 dephasing_p05_L16_lam0.20_P0.5_s3
16 0.5 0.2 0.8 0.2 600 5354 4 dephasing_p05_L16_lam0.20_P0.5_s4
16 0.5 0.2 0.8 0.2 600 5355 5 dephasing_p05_L16_lam0.20_P0.5_s5
16 0.5 0.2 0.8 0.2 600 5356 6 dephasing_p05_L16_lam0.20_P0.5_s6
16 0.5 0.2 0.8 0.2 600 5357 7 dephasing_p05_L16_lam0.20_P0.5_s7
16 0.5 0.2 0.8 0.2 600 5358 8 dephasing_p05_L16_lam0.20_P0.5_s8
16 0.5 0.2 0.8 0.2 600 5359 9 dephasing_p05_L16_lam0.20_P0.5_s9
16 0.5 0.2 0.8 0.2 600 5360 10 dephasing_p05_L16_lam0.20_P0.5_s10
16 0.5 0.3 0.7 0.3 600 5361 1 dephasing_p05_L16_lam0.30_P0.5_s1
16 0.5 0.3 0.7 0.3 600 5362 2 dephasing_p05_L16_lam0.30_P0.5_s2
16 0.5 0.3 0.7 0.3 600 5363 3 dephasing_p05_L16_lam0.30_P0.5_s3
16 0.5 0.3 0.7 0.3 600 5364 4 dephasing_p05_L16_lam0.30_P0.5_s4
16 0.5 0.3 0.7 0.3 600 5365 5 dephasing_p05_L16_lam0.30_P0.5_s5
16 0.5 0.3 0.7 0.3 600 5366 6 dephasing_p05_L16_lam0.30_P0.5_s6
16 0.5 0.3 0.7 0.3 600 5367 7 dephasing_p05_L16_lam0.30_P0.5_s7
16 0.5 0.3 0.7 0.3 600 5368 8 dephasing_p05_L16_lam0.30_P0.5_s8
16 0.5 0.3 0.7 0.3 600 5369 9 dephasing_p05_L16_lam0.30_P0.5_s9
16 0.5 0.3 0.7 0.3 600 5370 10 dephasing_p05_L16_lam0.30_P0.5_s10
16 0.5 0.4 0.6 0.4 600 5371 1 dephasing_p05_L16_lam0.40_P0.5_s1
16 0.5 0.4 0.6 0.4 600 5372 2 dephasing_p05_L16_lam0.40_P0.5_s2
16 0.5 0.4 0.6 0.4 600 5373 3 dephasing_p05_L16_lam0.40_P0.5_s3
16 0.5 0.4 0.6 0.4 600 5374 4 dephasing_p05_L16_lam0.40_P0.5_s4
16 0.5 0.4 0.6 0.4 600 5375 5 dephasing_p05_L16_lam0.40_P0.5_s5
16 0.5 0.4 0.6 0.4 600 5376 6 dephasing_p05_L16_lam0.40_P0.5_s6
16 0.5 0.4 0.6 0.4 600 5377 7 dephasing_p05_L16_lam0.40_P0.5_s7
16 0.5 0.4 0.6 0.4 600 5378 8 dephasing_p05_L16_lam0.40_P0.5_s8
16 0.5 0.4 0.6 0.4 600 5379 9 dephasing_p05_L16_lam0.40_P0.5_s9
16 0.5 0.4 0.6 0.4 600 5380 10 dephasing_p05_L16_lam0.40_P0.5_s10
16 0.5 0.45 0.55 0.45 600 5381 1 dephasing_p05_L16_lam0.45_P0.5_s1
16 0.5 0.45 0.55 0.45 600 5382 2 dephasing_p05_L16_lam0.45_P0.5_s2
16 0.5 0.45 0.55 0.45 600 5383 3 dephasing_p05_L16_lam0.45_P0.5_s3
16 0.5 0.45 0.55 0.45 600 5384 4 dephasing_p05_L16_lam0.45_P0.5_s4
16 0.5 0.45 0.55 0.45 600 5385 5 dephasing_p05_L16_lam0.45_P0.5_s5
16 0.5 0.45 0.55 0.45 600 5386 6 dephasing_p05_L16_lam0.45_P0.5_s6
16 0.5 0.45 0.55 0.45 600 5387 7 dephasing_p05_L16_lam0.45_P0.5_s7
16 0.5 0.45 0.55 0.45 600 5388 8 dephasing_p05_L16_lam0.45_P0.5_s8
16 0.5 0.45 0.55 0.45 600 5389 9 dephasing_p05_L16_lam0.45_P0.5_s9
16 0.5 0.45 0.55 0.45 600 5390 10 dephasing_p05_L16_lam0.45_P0.5_s10
16 0.5 0.48 0.52 0.48 600 5391 1 dephasing_p05_L16_lam0.48_P0.5_s1
16 0.5 0.48 0.52 0.48 600 5392 2 dephasing_p05_L16_lam0.48_P0.5_s2
16 0.5 0.48 0.52 0.48 600 5393 3 dephasing_p05_L16_lam0.48_P0.5_s3
16 0.5 0.48 0.52 0.48 600 5394 4 dephasing_p05_L16_lam0.48_P0.5_s4
16 0.5 0.48 0.52 0.48 600 5395 5 dephasing_p05_L16_lam0.48_P0.5_s5
16 0.5 0.48 0.52 0.48 600 5396 6 dephasing_p05_L16_lam0.48_P0.5_s6
16 0.5 0.48 0.52 0.48 600 5397 7 dephasing_p05_L16_lam0.48_P0.5_s7
16 0.5 0.48 0.52 0.48 600 5398 8 dephasing_p05_L16_lam0.48_P0.5_s8
16 0.5 0.48 0.52 0.48 600 5399 9 dephasing_p05_L16_lam0.48_P0.5_s9
16 0.5 0.48 0.52 0.48 600 5400 10 dephasing_p05_L16_lam0.48_P0.5_s10
16 0.5 0.49 0.51 0.49 600 5401 1 dephasing_p05_L16_lam0.49_P0.5_s1
16 0.5 0.49 0.51 0.49 600 5402 2 dephasing_p05_L16_lam0.49_P0.5_s2
16 0.5 0.49 0.51 0.49 600 5403 3 dephasing_p05_L16_lam0.49_P0.5_s3
16 0.5 0.49 0.51 0.49 600 5404 4 dephasing_p05_L16_lam0.49_P0.5_s4
16 0.5 0.49 0.51 0.49 600 5405 5 dephasing_p05_L16_lam0.49_P0.5_s5
16 0.5 0.49 0.51 0.49 600 5406 6 dephasing_p05_L16_lam0.49_P0.5_s6
16 0.5 0.49 0.51 0.49 600 5407 7 dephasing_p05_L16_lam0.49_P0.5_s7
16 0.5 0.49 0.51 0.49 600 5408 8 dephasing_p05_L16_lam0.49_P0.5_s8
16 0.5 0.49 0.51 0.49 600 5409 9 dephasing_p05_L16_lam0.49_P0.5_s9
16 0.5 0.49 0.51 0.49 600 5410 10 dephasing_p05_L16_lam0.49_P0.5_s10
16 0.5 0.5 0.5 0.5 600 5411 1 dephasing_p05_L16_lam0.50_P0.5_s1
16 0.5 0.5 0.5 0.5 600 5412 2 dephasing_p05_L16_lam0.50_P0.5_s2
16 0.5 0.5 0.5 0.5 600 5413 3 dephasing_p05_L16_lam0.50_P0.5_s3
16 0.5 0.5 0.5 0.5 600 5414 4 dephasing_p05_L16_lam0.50_P0.5_s4
16 0.5 0.5 0.5 0.5 600 5415 5 dephasing_p05_L16_lam0.50_P0.5_s5
16 0.5 0.5 0.5 0.5 600 5416 6 dephasing_p05_L16_lam0.50_P0.5_s6
16 0.5 0.5 0.5 0.5 600 5417 7 dephasing_p05_L16_lam0.50_P0.5_s7
16 0.5 0.5 0.5 0.5 600 5418 8 dephasing_p05_L16_lam0.50_P0.5_s8
16 0.5 0.5 0.5 0.5 600 5419 9 dephasing_p05_L16_lam0.50_P0.5_s9
16 0.5 0.5 0.5 0.5 600 5420 10 dephasing_p05_L16_lam0.50_P0.5_s10
16 0.5 0.51 0.49 0.51 600 5421 1 dephasing_p05_L16_lam0.51_P0.5_s1
16 0.5 0.51 0.49 0.51 600 5422 2 dephasing_p05_L16_lam0.51_P0.5_s2
16 0.5 0.51 0.49 0.51 600 5423 3 dephasing_p05_L16_lam0.51_P0.5_s3
16 0.5 0.51 0.49 0.51 600 5424 4 dephasing_p05_L16_lam0.51_P0.5_s4
16 0.5 0.51 0.49 0.51 600 5425 5 dephasing_p05_L16_lam0.51_P0.5_s5
16 0.5 0.51 0.49 0.51 600 5426 6 dephasing_p05_L16_lam0.51_P0.5_s6
16 0.5 0.51 0.49 0.51 600 5427 7 dephasing_p05_L16_lam0.51_P0.5_s7
16 0.5 0.51 0.49 0.51 600 5428 8 dephasing_p05_L16_lam0.51_P0.5_s8
16 0.5 0.51 0.49 0.51 600 5429 9 dephasing_p05_L16_lam0.51_P0.5_s9
16 0.5 0.51 0.49 0.51 600 5430 10 dephasing_p05_L16_lam0.51_P0.5_s10
16 0.5 0.52 0.48 0.52 600 5431 1 dephasing_p05_L16_lam0.52_P0.5_s1
16 0.5 0.52 0.48 0.52 600 5432 2 dephasing_p05_L16_lam0.52_P0.5_s2
16 0.5 0.52 0.48 0.52 600 5433 3 dephasing_p05_L16_lam0.52_P0.5_s3
16 0.5 0.52 0.48 0.52 600 5434 4 dephasing_p05_L16_lam0.52_P0.5_s4
16 0.5 0.52 0.48 0.52 600 5435 5 dephasing_p05_L16_lam0.52_P0.5_s5
16 0.5 0.52 0.48 0.52 600 5436 6 dephasing_p05_L16_lam0.52_P0.5_s6
16 0.5 0.52 0.48 0.52 600 5437 7 dephasing_p05_L16_lam0.52_P0.5_s7
16 0.5 0.52 0.48 0.52 600 5438 8 dephasing_p05_L16_lam0.52_P0.5_s8
16 0.5 0.52 0.48 0.52 600 5439 9 dephasing_p05_L16_lam0.52_P0.5_s9
16 0.5 0.52 0.48 0.52 600 5440 10 dephasing_p05_L16_lam0.52_P0.5_s10
16 0.5 0.53 0.47 0.53 600 5441 1 dephasing_p05_L16_lam0.53_P0.5_s1
16 0.5 0.53 0.47 0.53 600 5442 2 dephasing_p05_L16_lam0.53_P0.5_s2
16 0.5 0.53 0.47 0.53 600 5443 3 dephasing_p05_L16_lam0.53_P0.5_s3
16 0.5 0.53 0.47 0.53 600 5444 4 dephasing_p05_L16_lam0.53_P0.5_s4
16 0.5 0.53 0.47 0.53 600 5445 5 dephasing_p05_L16_lam0.53_P0.5_s5
16 0.5 0.53 0.47 0.53 600 5446 6 dephasing_p05_L16_lam0.53_P0.5_s6
16 0.5 0.53 0.47 0.53 600 5447 7 dephasing_p05_L16_lam0.53_P0.5_s7
16 0.5 0.53 0.47 0.53 600 5448 8 dephasing_p05_L16_lam0.53_P0.5_s8
16 0.5 0.53 0.47 0.53 600 5449 9 dephasing_p05_L16_lam0.53_P0.5_s9
16 0.5 0.53 0.47 0.53 600 5450 10 dephasing_p05_L16_lam0.53_P0.5_s10
16 0.5 0.55 0.45 0.55 600 5451 1 dephasing_p05_L16_lam0.55_P0.5_s1
16 0.5 0.55 0.45 0.55 600 5452 2 dephasing_p05_L16_lam0.55_P0.5_s2
16 0.5 0.55 0.45 0.55 600 5453 3 dephasing_p05_L16_lam0.55_P0.5_s3
16 0.5 0.55 0.45 0.55 600 5454 4 dephasing_p05_L16_lam0.55_P0.5_s4
16 0.5 0.55 0.45 0.55 600 5455 5 dephasing_p05_L16_lam0.55_P0.5_s5
16 0.5 0.55 0.45 0.55 600 5456 6 dephasing_p05_L16_lam0.55_P0.5_s6
16 0.5 0.55 0.45 0.55 600 5457 7 dephasing_p05_L16_lam0.55_P0.5_s7
16 0.5 0.55 0.45 0.55 600 5458 8 dephasing_p05_L16_lam0.55_P0.5_s8
16 0.5 0.55 0.45 0.55 600 5459 9 dephasing_p05_L16_lam0.55_P0.5_s9
16 0.5 0.55 0.45 0.55 600 5460 10 dephasing_p05_L16_lam0.55_P0.5_s10
16 0.5 0.6 0.4 0.6 600 5461 1 dephasing_p05_L16_lam0.60_P0.5_s1
16 0.5 0.6 0.4 0.6 600 5462 2 dephasing_p05_L16_lam0.60_P0.5_s2
16 0.5 0.6 0.4 0.6 600 5463 3 dephasing_p05_L16_lam0.60_P0.5_s3
16 0.5 0.6 0.4 0.6 600 5464 4 dephasing_p05_L16_lam0.60_P0.5_s4
16 0.5 0.6 0.4 0.6 600 5465 5 dephasing_p05_L16_lam0.60_P0.5_s5
16 0.5 0.6 0.4 0.6 600 5466 6 dephasing_p05_L16_lam0.60_P0.5_s6
16 0.5 0.6 0.4 0.6 600 5467 7 dephasing_p05_L16_lam0.60_P0.5_s7
16 0.5 0.6 0.4 0.6 600 5468 8 dephasing_p05_L16_lam0.60_P0.5_s8
16 0.5 0.6 0.4 0.6 600 5469 9 dephasing_p05_L16_lam0.60_P0.5_s9
16 0.5 0.6 0.4 0.6 600 5470 10 dephasing_p05_L16_lam0.60_P0.5_s10
16 0.5 0.7 0.3 0.7 600 5471 1 dephasing_p05_L16_lam0.70_P0.5_s1
16 0.5 0.7 0.3 0.7 600 5472 2 dephasing_p05_L16_lam0.70_P0.5_s2
16 0.5 0.7 0.3 0.7 600 5473 3 dephasing_p05_L16_lam0.70_P0.5_s3
16 0.5 0.7 0.3 0.7 600 5474 4 dephasing_p05_L16_lam0.70_P0.5_s4
16 0.5 0.7 0.3 0.7 600 5475 5 dephasing_p05_L16_lam0.70_P0.5_s5
16 0.5 0.7 0.3 0.7 600 5476 6 dephasing_p05_L16_lam0.70_P0.5_s6
16 0.5 0.7 0.3 0.7 600 5477 7 dephasing_p05_L16_lam0.70_P0.5_s7
16 0.5 0.7 0.3 0.7 600 5478 8 dephasing_p05_L16_lam0.70_P0.5_s8
16 0.5 0.7 0.3 0.7 600 5479 9 dephasing_p05_L16_lam0.70_P0.5_s9
16 0.5 0.7 0.3 0.7 600 5480 10 dephasing_p05_L16_lam0.70_P0.5_s10
16 0.5 0.8 0.2 0.8 600 5481 1 dephasing_p05_L16_lam0.80_P0.5_s1
16 0.5 0.8 0.2 0.8 600 5482 2 dephasing_p05_L16_lam0.80_P0.5_s2
16 0.5 0.8 0.2 0.8 600 5483 3 dephasing_p05_L16_lam0.80_P0.5_s3
16 0.5 0.8 0.2 0.8 600 5484 4 dephasing_p05_L16_lam0.80_P0.5_s4
16 0.5 0.8 0.2 0.8 600 5485 5 dephasing_p05_L16_lam0.80_P0.5_s5
16 0.5 0.8 0.2 0.8 600 5486 6 dephasing_p05_L16_lam0.80_P0.5_s6
16 0.5 0.8 0.2 0.8 600 5487 7 dephasing_p05_L16_lam0.80_P0.5_s7
16 0.5 0.8 0.2 0.8 600 5488 8 dephasing_p05_L16_lam0.80_P0.5_s8
16 0.5 0.8 0.2 0.8 600 5489 9 dephasing_p05_L16_lam0.80_P0.5_s9
16 0.5 0.8 0.2 0.8 600 5490 10 dephasing_p05_L16_lam0.80_P0.5_s10
16 0.5 0.9 0.1 0.9 600 5491 1 dephasing_p05_L16_lam0.90_P0.5_s1
16 0.5 0.9 0.1 0.9 600 5492 2 dephasing_p05_L16_lam0.90_P0.5_s2
16 0.5 0.9 0.1 0.9 600 5493 3 dephasing_p05_L16_lam0.90_P0.5_s3
16 0.5 0.9 0.1 0.9 600 5494 4 dephasing_p05_L16_lam0.90_P0.5_s4
16 0.5 0.9 0.1 0.9 600 5495 5 dephasing_p05_L16_lam0.90_P0.5_s5
16 0.5 0.9 0.1 0.9 600 5496 6 dephasing_p05_L16_lam0.90_P0.5_s6
16 0.5 0.9 0.1 0.9 600 5497 7 dephasing_p05_L16_lam0.90_P0.5_s7
16 0.5 0.9 0.1 0.9 600 5498 8 dephasing_p05_L16_lam0.90_P0.5_s8
16 0.5 0.9 0.1 0.9 600 5499 9 dephasing_p05_L16_lam0.90_P0.5_s9
16 0.5 0.9 0.1 0.9 600 5500 10 dephasing_p05_L16_lam0.90_P0.5_s10
16 0.5 0.95 0.05 0.95 600 5501 1 dephasing_p05_L16_lam0.95_P0.5_s1
16 0.5 0.95 0.05 0.95 600 5502 2 dephasing_p05_L16_lam0.95_P0.5_s2
16 0.5 0.95 0.05 0.95 600 5503 3 dephasing_p05_L16_lam0.95_P0.5_s3
16 0.5 0.95 0.05 0.95 600 5504 4 dephasing_p05_L16_lam0.95_P0.5_s4
16 0.5 0.95 0.05 0.95 600 5505 5 dephasing_p05_L16_lam0.95_P0.5_s5
16 0.5 0.95 0.05 0.95 600 5506 6 dephasing_p05_L16_lam0.95_P0.5_s6
16 0.5 0.95 0.05 0.95 600 5507 7 dephasing_p05_L16_lam0.95_P0.5_s7
16 0.5 0.95 0.05 0.95 600 5508 8 dephasing_p05_L16_lam0.95_P0.5_s8
16 0.5 0.95 0.05 0.95 600 5509 9 dephasing_p05_L16_lam0.95_P0.5_s9
16 0.5 0.95 0.05 0.95 600 5510 10 dephasing_p05_L16_lam0.95_P0.5_s10
20 0.5 0.1 0.9 0.1 600 5511 1 dephasing_p05_L20_lam0.10_P0.5_s1
20 0.5 0.1 0.9 0.1 600 5512 2 dephasing_p05_L20_lam0.10_P0.5_s2
20 0.5 0.1 0.9 0.1 600 5513 3 dephasing_p05_L20_lam0.10_P0.5_s3
20 0.5 0.1 0.9 0.1 600 5514 4 dephasing_p05_L20_lam0.10_P0.5_s4
20 0.5 0.1 0.9 0.1 600 5515 5 dephasing_p05_L20_lam0.10_P0.5_s5
20 0.5 0.1 0.9 0.1 600 5516 6 dephasing_p05_L20_lam0.10_P0.5_s6
20 0.5 0.1 0.9 0.1 600 5517 7 dephasing_p05_L20_lam0.10_P0.5_s7
20 0.5 0.1 0.9 0.1 600 5518 8 dephasing_p05_L20_lam0.10_P0.5_s8
20 0.5 0.1 0.9 0.1 600 5519 9 dephasing_p05_L20_lam0.10_P0.5_s9
20 0.5 0.1 0.9 0.1 600 5520 10 dephasing_p05_L20_lam0.10_P0.5_s10
20 0.5 0.2 0.8 0.2 600 5521 1 dephasing_p05_L20_lam0.20_P0.5_s1
20 0.5 0.2 0.8 0.2 600 5522 2 dephasing_p05_L20_lam0.20_P0.5_s2
20 0.5 0.2 0.8 0.2 600 5523 3 dephasing_p05_L20_lam0.20_P0.5_s3
20 0.5 0.2 0.8 0.2 600 5524 4 dephasing_p05_L20_lam0.20_P0.5_s4
20 0.5 0.2 0.8 0.2 600 5525 5 dephasing_p05_L20_lam0.20_P0.5_s5
20 0.5 0.2 0.8 0.2 600 5526 6 dephasing_p05_L20_lam0.20_P0.5_s6
20 0.5 0.2 0.8 0.2 600 5527 7 dephasing_p05_L20_lam0.20_P0.5_s7
20 0.5 0.2 0.8 0.2 600 5528 8 dephasing_p05_L20_lam0.20_P0.5_s8
20 0.5 0.2 0.8 0.2 600 5529 9 dephasing_p05_L20_lam0.20_P0.5_s9
20 0.5 0.2 0.8 0.2 600 5530 10 dephasing_p05_L20_lam0.20_P0.5_s10
20 0.5 0.3 0.7 0.3 600 5531 1 dephasing_p05_L20_lam0.30_P0.5_s1
20 0.5 0.3 0.7 0.3 600 5532 2 dephasing_p05_L20_lam0.30_P0.5_s2
20 0.5 0.3 0.7 0.3 600 5533 3 dephasing_p05_L20_lam0.30_P0.5_s3
20 0.5 0.3 0.7 0.3 600 5534 4 dephasing_p05_L20_lam0.30_P0.5_s4
20 0.5 0.3 0.7 0.3 600 5535 5 dephasing_p05_L20_lam0.30_P0.5_s5
20 0.5 0.3 0.7 0.3 600 5536 6 dephasing_p05_L20_lam0.30_P0.5_s6
20 0.5 0.3 0.7 0.3 600 5537 7 dephasing_p05_L20_lam0.30_P0.5_s7
20 0.5 0.3 0.7 0.3 600 5538 8 dephasing_p05_L20_lam0.30_P0.5_s8
20 0.5 0.3 0.7 0.3 600 5539 9 dephasing_p05_L20_lam0.30_P0.5_s9
20 0.5 0.3 0.7 0.3 600 5540 10 dephasing_p05_L20_lam0.30_P0.5_s10
20 0.5 0.4 0.6 0.4 600 5541 1 dephasing_p05_L20_lam0.40_P0.5_s1
20 0.5 0.4 0.6 0.4 600 5542 2 dephasing_p05_L20_lam0.40_P0.5_s2
20 0.5 0.4 0.6 0.4 600 5543 3 dephasing_p05_L20_lam0.40_P0.5_s3
20 0.5 0.4 0.6 0.4 600 5544 4 dephasing_p05_L20_lam0.40_P0.5_s4
20 0.5 0.4 0.6 0.4 600 5545 5 dephasing_p05_L20_lam0.40_P0.5_s5
20 0.5 0.4 0.6 0.4 600 5546 6 dephasing_p05_L20_lam0.40_P0.5_s6
20 0.5 0.4 0.6 0.4 600 5547 7 dephasing_p05_L20_lam0.40_P0.5_s7
20 0.5 0.4 0.6 0.4 600 5548 8 dephasing_p05_L20_lam0.40_P0.5_s8
20 0.5 0.4 0.6 0.4 600 5549 9 dephasing_p05_L20_lam0.40_P0.5_s9
20 0.5 0.4 0.6 0.4 600 5550 10 dephasing_p05_L20_lam0.40_P0.5_s10
20 0.5 0.45 0.55 0.45 600 5551 1 dephasing_p05_L20_lam0.45_P0.5_s1
20 0.5 0.45 0.55 0.45 600 5552 2 dephasing_p05_L20_lam0.45_P0.5_s2
20 0.5 0.45 0.55 0.45 600 5553 3 dephasing_p05_L20_lam0.45_P0.5_s3
20 0.5 0.45 0.55 0.45 600 5554 4 dephasing_p05_L20_lam0.45_P0.5_s4
20 0.5 0.45 0.55 0.45 600 5555 5 dephasing_p05_L20_lam0.45_P0.5_s5
20 0.5 0.45 0.55 0.45 600 5556 6 dephasing_p05_L20_lam0.45_P0.5_s6
20 0.5 0.45 0.55 0.45 600 5557 7 dephasing_p05_L20_lam0.45_P0.5_s7
20 0.5 0.45 0.55 0.45 600 5558 8 dephasing_p05_L20_lam0.45_P0.5_s8
20 0.5 0.45 0.55 0.45 600 5559 9 dephasing_p05_L20_lam0.45_P0.5_s9
20 0.5 0.45 0.55 0.45 600 5560 10 dephasing_p05_L20_lam0.45_P0.5_s10
20 0.5 0.48 0.52 0.48 600 5561 1 dephasing_p05_L20_lam0.48_P0.5_s1
20 0.5 0.48 0.52 0.48 600 5562 2 dephasing_p05_L20_lam0.48_P0.5_s2
20 0.5 0.48 0.52 0.48 600 5563 3 dephasing_p05_L20_lam0.48_P0.5_s3
20 0.5 0.48 0.52 0.48 600 5564 4 dephasing_p05_L20_lam0.48_P0.5_s4
20 0.5 0.48 0.52 0.48 600 5565 5 dephasing_p05_L20_lam0.48_P0.5_s5
20 0.5 0.48 0.52 0.48 600 5566 6 dephasing_p05_L20_lam0.48_P0.5_s6
20 0.5 0.48 0.52 0.48 600 5567 7 dephasing_p05_L20_lam0.48_P0.5_s7
20 0.5 0.48 0.52 0.48 600 5568 8 dephasing_p05_L20_lam0.48_P0.5_s8
20 0.5 0.48 0.52 0.48 600 5569 9 dephasing_p05_L20_lam0.48_P0.5_s9
20 0.5 0.48 0.52 0.48 600 5570 10 dephasing_p05_L20_lam0.48_P0.5_s10
20 0.5 0.49 0.51 0.49 600 5571 1 dephasing_p05_L20_lam0.49_P0.5_s1
20 0.5 0.49 0.51 0.49 600 5572 2 dephasing_p05_L20_lam0.49_P0.5_s2
20 0.5 0.49 0.51 0.49 600 5573 3 dephasing_p05_L20_lam0.49_P0.5_s3
20 0.5 0.49 0.51 0.49 600 5574 4 dephasing_p05_L20_lam0.49_P0.5_s4
20 0.5 0.49 0.51 0.49 600 5575 5 dephasing_p05_L20_lam0.49_P0.5_s5
20 0.5 0.49 0.51 0.49 600 5576 6 dephasing_p05_L20_lam0.49_P0.5_s6
20 0.5 0.49 0.51 0.49 600 5577 7 dephasing_p05_L20_lam0.49_P0.5_s7
20 0.5 0.49 0.51 0.49 600 5578 8 dephasing_p05_L20_lam0.49_P0.5_s8
20 0.5 0.49 0.51 0.49 600 5579 9 dephasing_p05_L20_lam0.49_P0.5_s9
20 0.5 0.49 0.51 0.49 600 5580 10 dephasing_p05_L20_lam0.49_P0.5_s10
20 0.5 0.5 0.5 0.5 600 5581 1 dephasing_p05_L20_lam0.50_P0.5_s1
20 0.5 0.5 0.5 0.5 600 5582 2 dephasing_p05_L20_lam0.50_P0.5_s2
20 0.5 0.5 0.5 0.5 600 5583 3 dephasing_p05_L20_lam0.50_P0.5_s3
20 0.5 0.5 0.5 0.5 600 5584 4 dephasing_p05_L20_lam0.50_P0.5_s4
20 0.5 0.5 0.5 0.5 600 5585 5 dephasing_p05_L20_lam0.50_P0.5_s5
20 0.5 0.5 0.5 0.5 600 5586 6 dephasing_p05_L20_lam0.50_P0.5_s6
20 0.5 0.5 0.5 0.5 600 5587 7 dephasing_p05_L20_lam0.50_P0.5_s7
20 0.5 0.5 0.5 0.5 600 5588 8 dephasing_p05_L20_lam0.50_P0.5_s8
20 0.5 0.5 0.5 0.5 600 5589 9 dephasing_p05_L20_lam0.50_P0.5_s9
20 0.5 0.5 0.5 0.5 600 5590 10 dephasing_p05_L20_lam0.50_P0.5_s10
20 0.5 0.51 0.49 0.51 600 5591 1 dephasing_p05_L20_lam0.51_P0.5_s1
20 0.5 0.51 0.49 0.51 600 5592 2 dephasing_p05_L20_lam0.51_P0.5_s2
20 0.5 0.51 0.49 0.51 600 5593 3 dephasing_p05_L20_lam0.51_P0.5_s3
20 0.5 0.51 0.49 0.51 600 5594 4 dephasing_p05_L20_lam0.51_P0.5_s4
20 0.5 0.51 0.49 0.51 600 5595 5 dephasing_p05_L20_lam0.51_P0.5_s5
20 0.5 0.51 0.49 0.51 600 5596 6 dephasing_p05_L20_lam0.51_P0.5_s6
20 0.5 0.51 0.49 0.51 600 5597 7 dephasing_p05_L20_lam0.51_P0.5_s7
20 0.5 0.51 0.49 0.51 600 5598 8 dephasing_p05_L20_lam0.51_P0.5_s8
20 0.5 0.51 0.49 0.51 600 5599 9 dephasing_p05_L20_lam0.51_P0.5_s9
20 0.5 0.51 0.49 0.51 600 5600 10 dephasing_p05_L20_lam0.51_P0.5_s10
20 0.5 0.52 0.48 0.52 600 5601 1 dephasing_p05_L20_lam0.52_P0.5_s1
20 0.5 0.52 0.48 0.52 600 5602 2 dephasing_p05_L20_lam0.52_P0.5_s2
20 0.5 0.52 0.48 0.52 600 5603 3 dephasing_p05_L20_lam0.52_P0.5_s3
20 0.5 0.52 0.48 0.52 600 5604 4 dephasing_p05_L20_lam0.52_P0.5_s4
20 0.5 0.52 0.48 0.52 600 5605 5 dephasing_p05_L20_lam0.52_P0.5_s5
20 0.5 0.52 0.48 0.52 600 5606 6 dephasing_p05_L20_lam0.52_P0.5_s6
20 0.5 0.52 0.48 0.52 600 5607 7 dephasing_p05_L20_lam0.52_P0.5_s7
20 0.5 0.52 0.48 0.52 600 5608 8 dephasing_p05_L20_lam0.52_P0.5_s8
20 0.5 0.52 0.48 0.52 600 5609 9 dephasing_p05_L20_lam0.52_P0.5_s9
20 0.5 0.52 0.48 0.52 600 5610 10 dephasing_p05_L20_lam0.52_P0.5_s10
20 0.5 0.53 0.47 0.53 600 5611 1 dephasing_p05_L20_lam0.53_P0.5_s1
20 0.5 0.53 0.47 0.53 600 5612 2 dephasing_p05_L20_lam0.53_P0.5_s2
20 0.5 0.53 0.47 0.53 600 5613 3 dephasing_p05_L20_lam0.53_P0.5_s3
20 0.5 0.53 0.47 0.53 600 5614 4 dephasing_p05_L20_lam0.53_P0.5_s4
20 0.5 0.53 0.47 0.53 600 5615 5 dephasing_p05_L20_lam0.53_P0.5_s5
20 0.5 0.53 0.47 0.53 600 5616 6 dephasing_p05_L20_lam0.53_P0.5_s6
20 0.5 0.53 0.47 0.53 600 5617 7 dephasing_p05_L20_lam0.53_P0.5_s7
20 0.5 0.53 0.47 0.53 600 5618 8 dephasing_p05_L20_lam0.53_P0.5_s8
20 0.5 0.53 0.47 0.53 600 5619 9 dephasing_p05_L20_lam0.53_P0.5_s9
20 0.5 0.53 0.47 0.53 600 5620 10 dephasing_p05_L20_lam0.53_P0.5_s10
20 0.5 0.55 0.45 0.55 600 5621 1 dephasing_p05_L20_lam0.55_P0.5_s1
20 0.5 0.55 0.45 0.55 600 5622 2 dephasing_p05_L20_lam0.55_P0.5_s2
20 0.5 0.55 0.45 0.55 600 5623 3 dephasing_p05_L20_lam0.55_P0.5_s3
20 0.5 0.55 0.45 0.55 600 5624 4 dephasing_p05_L20_lam0.55_P0.5_s4
20 0.5 0.55 0.45 0.55 600 5625 5 dephasing_p05_L20_lam0.55_P0.5_s5
20 0.5 0.55 0.45 0.55 600 5626 6 dephasing_p05_L20_lam0.55_P0.5_s6
20 0.5 0.55 0.45 0.55 600 5627 7 dephasing_p05_L20_lam0.55_P0.5_s7
20 0.5 0.55 0.45 0.55 600 5628 8 dephasing_p05_L20_lam0.55_P0.5_s8
20 0.5 0.55 0.45 0.55 600 5629 9 dephasing_p05_L20_lam0.55_P0.5_s9
20 0.5 0.55 0.45 0.55 600 5630 10 dephasing_p05_L20_lam0.55_P0.5_s10
20 0.5 0.6 0.4 0.6 600 5631 1 dephasing_p05_L20_lam0.60_P0.5_s1
20 0.5 0.6 0.4 0.6 600 5632 2 dephasing_p05_L20_lam0.60_P0.5_s2
20 0.5 0.6 0.4 0.6 600 5633 3 dephasing_p05_L20_lam0.60_P0.5_s3
20 0.5 0.6 0.4 0.6 600 5634 4 dephasing_p05_L20_lam0.60_P0.5_s4
20 0.5 0.6 0.4 0.6 600 5635 5 dephasing_p05_L20_lam0.60_P0.5_s5
20 0.5 0.6 0.4 0.6 600 5636 6 dephasing_p05_L20_lam0.60_P0.5_s6
20 0.5 0.6 0.4 0.6 600 5637 7 dephasing_p05_L20_lam0.60_P0.5_s7
20 0.5 0.6 0.4 0.6 600 5638 8 dephasing_p05_L20_lam0.60_P0.5_s8
20 0.5 0.6 0.4 0.6 600 5639 9 dephasing_p05_L20_lam0.60_P0.5_s9
20 0.5 0.6 0.4 0.6 600 5640 10 dephasing_p05_L20_lam0.60_P0.5_s10
20 0.5 0.7 0.3 0.7 600 5641 1 dephasing_p05_L20_lam0.70_P0.5_s1
20 0.5 0.7 0.3 0.7 600 5642 2 dephasing_p05_L20_lam0.70_P0.5_s2
20 0.5 0.7 0.3 0.7 600 5643 3 dephasing_p05_L20_lam0.70_P0.5_s3
20 0.5 0.7 0.3 0.7 600 5644 4 dephasing_p05_L20_lam0.70_P0.5_s4
20 0.5 0.7 0.3 0.7 600 5645 5 dephasing_p05_L20_lam0.70_P0.5_s5
20 0.5 0.7 0.3 0.7 600 5646 6 dephasing_p05_L20_lam0.70_P0.5_s6
20 0.5 0.7 0.3 0.7 600 5647 7 dephasing_p05_L20_lam0.70_P0.5_s7
20 0.5 0.7 0.3 0.7 600 5648 8 dephasing_p05_L20_lam0.70_P0.5_s8
20 0.5 0.7 0.3 0.7 600 5649 9 dephasing_p05_L20_lam0.70_P0.5_s9
20 0.5 0.7 0.3 0.7 600 5650 10 dephasing_p05_L20_lam0.70_P0.5_s10
20 0.5 0.8 0.2 0.8 600 5651 1 dephasing_p05_L20_lam0.80_P0.5_s1
20 0.5 0.8 0.2 0.8 600 5652 2 dephasing_p05_L20_lam0.80_P0.5_s2
20 0.5 0.8 0.2 0.8 600 5653 3 dephasing_p05_L20_lam0.80_P0.5_s3
20 0.5 0.8 0.2 0.8 600 5654 4 dephasing_p05_L20_lam0.80_P0.5_s4
20 0.5 0.8 0.2 0.8 600 5655 5 dephasing_p05_L20_lam0.80_P0.5_s5
20 0.5 0.8 0.2 0.8 600 5656 6 dephasing_p05_L20_lam0.80_P0.5_s6
20 0.5 0.8 0.2 0.8 600 5657 7 dephasing_p05_L20_lam0.80_P0.5_s7
20 0.5 0.8 0.2 0.8 600 5658 8 dephasing_p05_L20_lam0.80_P0.5_s8
20 0.5 0.8 0.2 0.8 600 5659 9 dephasing_p05_L20_lam0.80_P0.5_s9
20 0.5 0.8 0.2 0.8 600 5660 10 dephasing_p05_L20_lam0.80_P0.5_s10
20 0.5 0.9 0.1 0.9 600 5661 1 dephasing_p05_L20_lam0.90_P0.5_s1
20 0.5 0.9 0.1 0.9 600 5662 2 dephasing_p05_L20_lam0.90_P0.5_s2
20 0.5 0.9 0.1 0.9 600 5663 3 dephasing_p05_L20_lam0.90_P0.5_s3
20 0.5 0.9 0.1 0.9 600 5664 4 dephasing_p05_L20_lam0.90_P0.5_s4
20 0.5 0.9 0.1 0.9 600 5665 5 dephasing_p05_L20_lam0.90_P0.5_s5
20 0.5 0.9 0.1 0.9 600 5666 6 dephasing_p05_L20_lam0.90_P0.5_s6
20 0.5 0.9 0.1 0.9 600 5667 7 dephasing_p05_L20_lam0.90_P0.5_s7
20 0.5 0.9 0.1 0.9 600 5668 8 dephasing_p05_L20_lam0.90_P0.5_s8
20 0.5 0.9 0.1 0.9 600 5669 9 dephasing_p05_L20_lam0.90_P0.5_s9
20 0.5 0.9 0.1 0.9 600 5670 10 dephasing_p05_L20_lam0.90_P0.5_s10
20 0.5 0.95 0.05 0.95 600 5671 1 dephasing_p05_L20_lam0.95_P0.5_s1
20 0.5 0.95 0.05 0.95 600 5672 2 dephasing_p05_L20_lam0.95_P0.5_s2
20 0.5 0.95 0.05 0.95 600 5673 3 dephasing_p05_L20_lam0.95_P0.5_s3
20 0.5 0.95 0.05 0.95 600 5674 4 dephasing_p05_L20_lam0.95_P0.5_s4
20 0.5 0.95 0.05 0.95 600 5675 5 dephasing_p05_L20_lam0.95_P0.5_s5
20 0.5 0.95 0.05 0.95 600 5676 6 dephasing_p05_L20_lam0.95_P0.5_s6
20 0.5 0.95 0.05 0.95 600 5677 7 dephasing_p05_L20_lam0.95_P0.5_s7
20 0.5 0.95 0.05 0.95 600 5678 8 dephasing_p05_L20_lam0.95_P0.5_s8
20 0.5 0.95 0.05 0.95 600 5679 9 dephasing_p05_L20_lam0.95_P0.5_s9
20 0.5 0.95 0.05 0.95 600 5680 10 dephasing_p05_L20_lam0.95_P0.5_s10
