8 0.05 0.3 600 9001 1 rbim_L8_lzz0.30_P0.1_s1
8 0.05 0.3 600 9002 2 rbim_L8_lzz0.30_P0.1_s2
8 0.05 0.3 600 9003 3 rbim_L8_lzz0.30_P0.1_s3
8 0.05 0.3 600 9004 4 rbim_L8_lzz0.30_P0.1_s4
8 0.05 0.3 600 9005 5 rbim_L8_lzz0.30_P0.1_s5
8 0.05 0.3 600 9006 6 rbim_L8_lzz0.30_P0.1_s6
8 0.05 0.3 600 9007 7 rbim_L8_lzz0.30_P0.1_s7
8 0.05 0.3 600 9008 8 rbim_L8_lzz0.30_P0.1_s8
8 0.05 0.3 600 9009 9 rbim_L8_lzz0.30_P0.1_s9
8 0.05 0.3 600 9010 10 rbim_L8_lzz0.30_P0.1_s10
8 0.05 0.5 600 9011 1 rbim_L8_lzz0.50_P0.1_s1
8 0.05 0.5 600 9012 2 rbim_L8_lzz0.50_P0.1_s2
8 0.05 0.5 600 9013 3 rbim_L8_lzz0.50_P0.1_s3
8 0.05 0.5 600 9014 4 rbim_L8_lzz0.50_P0.1_s4
8 0.05 0.5 600 9015 5 rbim_L8_lzz0.50_P0.1_s5
8 0.05 0.5 600 9016 6 rbim_L8_lzz0.50_P0.1_s6
8 0.05 0.5 600 9017 7 rbim_L8_lzz0.50_P0.1_s7
8 0.05 0.5 600 9018 8 rbim_L8_lzz0.50_P0.1_s8
8 0.05 0.5 600 9019 9 rbim_L8_lzz0.50_P0.1_s9
8 0.05 0.5 600 9020 10 rbim_L8_lzz0.50_P0.1_s10
8 0.05 0.7 600 9021 1 rbim_L8_lzz0.70_P0.1_s1
8 0.05 0.7 600 9022 2 rbim_L8_lzz0.70_P0.1_s2
8 0.05 0.7 600 9023 3 rbim_L8_lzz0.70_P0.1_s3
8 0.05 0.7 600 9024 4 rbim_L8_lzz0.70_P0.1_s4
8 0.05 0.7 600 9025 5 rbim_L8_lzz0.70_P0.1_s5
8 0.05 0.7 600 9026 6 rbim_L8_lzz0.70_P0.1_s6
8 0.05 0.7 600 9027 7 rbim_L8_lzz0.70_P0.1_s7
8 0.05 0.7 600 9028 8 rbim_L8_lzz0.70_P0.1_s8
8 0.05 0.7 600 9029 9 rbim_L8_lzz0.70_P0.1_s9
8 0.05 0.7 600 9030 10 rbim_L8_lzz0.70_P0.1_s10
12 0.05 0.3 600 9031 1 rbim_L12_lzz0.30_P0.1_s1
12 0.05 0.3 600 9032 2 rbim_L12_lzz0.30_P0.1_s2
12 0.05 0.3 600 9033 3 rbim_L12_lzz0.30_P0.1_s3
12 0.05 0.3 600 9034 4 rbim_L12_lzz0.30_P0.1_s4
12 0.05 0.3 600 9035 5 rbim_L12_lzz0.30_P0.1_s5
12 0.05 0.3 600 9036 6 rbim_L12_lzz0.30_P0.1_s6
12 0.05 0.3 600 9037 7 rbim_L12_lzz0.30_P0.1_s7
12 0.05 0.3 600 9038 8 rbim_L12_lzz0.30_P0.1_s8
12 0.05 0.3 600 9039 9 rbim_L12_lzz0.30_P0.1_s9
12 0.05 0.3 600 9040 10 rbim_L12_lzz0.30_P0.1_s10
12 0.05 0.5 600 9041 1 rbim_L12_lzz0.50_P0.1_s1
12 0.05 0.5 600 9042 2 rbim_L12_lzz0.50_P0.1_s2
12 0.05 0.5 600 9043 3 rbim_L12_lzz0.50_P0.1_s3
12 0.05 0.5 600 9044 4 rbim_L12_lzz0.50_P0.1_s4
12 0.05 0.5 600 9045 5 rbim_L12_lzz0.50_P0.1_s5
12 0.05 0.5 600 9046 6 rbim_L12_lzz0.50_P0.1_s6
12 0.05 0.5 600 9047 7 rbim_L12_lzz0.50_P0.1_s7
12 0.05 0.5 600 9048 8 rbim_L12_lzz0.50_P0.1_s8
12 0.05 0.5 600 9049 9 rbim_L12_lzz0.50_P0.1_s9
12 0.05 0.5 600 9050 10 rbim_L12_lzz0.50_P0.1_s10
12 0.05 0.7 600 9051 1 rbim_L12_lzz0.70_P0.1_s1
12 0.05 0.7 600 9052 2 rbim_L12_lzz0.70_P0.1_s2
12 0.05 0.7 600 9053 3 rbim_L12_lzz0.70_P0.1_s3
12 0.05 0.7 600 9054 4 rbim_L12_lzz0.70_P0.1_s4
12 0.05 0.7 600 9055 5 rbim_L12_lzz0.70_P0.1_s5
12 0.05 0.7 600 9056 6 rbim_L12_lzz0.70_P0.1_s6
12 0.05 0.7 600 9057 7 rbim_L12_lzz0.70_P0.1_s7
12 0.05 0.7 600 9058 8 rbim_L12_lzz0.70_P0.1_s8
12 0.05 0.7 600 9059 9 rbim_L12_lzz0.70_P0.1_s9
12 0.05 0.7 600 9060 10 rbim_L12_lzz0.70_P0.1_s10
16 0.05 0.3 600 9061 1 rbim_L16_lzz0.30_P0.1_s1
16 0.05 0.3 600 9062 2 rbim_L16_lzz0.30_P0.1_s2
16 0.05 0.3 600 9063 3 rbim_L16_lzz0.30_P0.1_s3
16 0.05 0.3 600 9064 4 rbim_L16_lzz0.30_P0.1_s4
16 0.05 0.3 600 9065 5 rbim_L16_lzz0.30_P0.1_s5
16 0.05 0.3 600 9066 6 rbim_L16_lzz0.30_P0.1_s6
16 0.05 0.3 600 9067 7 rbim_L16_lzz0.30_P0.1_s7
16 0.05 0.3 600 9068 8 rbim_L16_lzz0.30_P0.1_s8
16 0.05 0.3 600 9069 9 rbim_L16_lzz0.30_P0.1_s9
16 0.05 0.3 600 9070 10 rbim_L16_lzz0.30_P0.1_s10
16 0.05 0.5 600 9071 1 rbim_L16_lzz0.50_P0.1_s1
16 0.05 0.5 600 9072 2 rbim_L16_lzz0.50_P0.1_s2
16 0.05 0.5 600 9073 3 rbim_L16_lzz0.50_P0.1_s3
16 0.05 0.5 600 9074 4 rbim_L16_lzz0.50_P0.1_s4
16 0.05 0.5 600 9075 5 rbim_L16_lzz0.50_P0.1_s5
16 0.05 0.5 600 9076 6 rbim_L16_lzz0.50_P0.1_s6
16 0.05 0.5 600 9077 7 rbim_L16_lzz0.50_P0.1_s7
16 0.05 0.5 600 9078 8 rbim_L16_lzz0.50_P0.1_s8
16 0.05 0.5 600 9079 9 rbim_L16_lzz0.50_P0.1_s9
16 0.05 0.5 600 9080 10 rbim_L16_lzz0.50_P0.1_s10
16 0.05 0.7 600 9081 1 rbim_L16_lzz0.70_P0.1_s1
16 0.05 0.7 600 9082 2 rbim_L16_lzz0.70_P0.1_s2
16 0.05 0.7 600 9083 3 rbim_L16_lzz0.70_P0.1_s3
16 0.05 0.7 600 9084 4 rbim_L16_lzz0.70_P0.1_s4
16 0.05 0.7 600 9085 5 rbim_L16_lzz0.70_P0.1_s5
16 0.05 0.7 600 9086 6 rbim_L16_lzz0.70_P0.1_s6
16 0.05 0.7 600 9087 7 rbim_L16_lzz0.70_P0.1_s7
16 0.05 0.7 600 9088 8 rbim_L16_lzz0.70_P0.1_s8
16 0.05 0.7 600 9089 9 rbim_L16_lzz0.70_P0.1_s9
16 0.05 0.7 600 9090 10 rbim_L16_lzz0.70_P0.1_s10
20 0.05 0.3 600 9091 1 rbim_L20_lzz0.30_P0.1_s1
20 0.05 0.3 600 9092 2 rbim_L20_lzz0.30_P0.1_s2
20 0.05 0.3 600 9093 3 rbim_L20_lzz0.30_P0.1_s3
20 0.05 0.3 600 9094 4 rbim_L20_lzz0.30_P0.1_s4
20 0.05 0.3 600 9095 5 rbim_L20_lzz0.30_P0.1_s5
20 0.05 0.3 600 9096 6 rbim_L20_lzz0.30_P0.1_s6
20 0.05 0.3 600 9097 7 rbim_L20_lzz0.30_P0.1_s7
20 0.05 0.3 600 9098 8 rbim_L20_lzz0.30_P0.1_s8
20 0.05 0.3 600 9099 9 rbim_L20_lzz0.30_P0.1_s9
20 0.05 0.3 600 9100 10 rbim_L20_lzz0.30_P0.1_s10
20 0.05 0.5 600 9101 1 rbim_L20_lzz0.50_P0.1_s1
20 0.05 0.5 600 9102 2 rbim_L20_lzz0.50_P0.1_s2
20 0.05 0.5 600 9103 3 rbim_L20_lzz0.50_P0.1_s3
20 0.05 0.5 600 9104 4 rbim_L20_lzz0.50_P0.1_s4
20 0.05 0.5 600 9105 5 rbim_L20_lzz0.50_P0.1_s5
20 0.05 0.5 600 9106 6 rbim_L20_lzz0.50_P0.1_s6
20 0.05 0.5 600 9107 7 rbim_L20_lzz0.50_P0.1_s7
20 0.05 0.5 600 9108 8 rbim_L20_lzz0.50_P0.1_s8
20 0.05 0.5 600 9109 9 rbim_L20_lzz0.50_P0.1_s9
20 0.05 0.5 600 9110 10 rbim_L20_lzz0.50_P0.1_s10
20 0.05 0.7 600 9111 1 rbim_L20_lzz0.70_P0.1_s1
20 0.05 0.7 600 9112 2 rbim_L20_lzz0.70_P0.1_s2
20 0.05 0.7 600 9113 3 rbim_L20_lzz0.70_P0.1_s3
20 0.05 0.7 600 9114 4 rbim_L20_lzz0.70_P0.1_s4
20 0.05 0.7 600 9115 5 rbim_L20_lzz0.70_P0.1_s5
20 0.05 0.7 600 9116 6 rbim_L20_lzz0.70_P0.1_s6
20 0.05 0.7 600 9117 7 rbim_L20_lzz0.70_P0.1_s7
20 0.05 0.7 600 9118 8 rbim_L20_lzz0.70_P0.1_s8
20 0.05 0.7 600 9119 9 rbim_L20_lzz0.70_P0.1_s9
20 0.05 0.7 600 9120 10 rbim_L20_lzz0.70_P0.1_s10
8 0.08 0.3 600 9121 1 rbim_L8_lzz0.30_P0.1_s1
8 0.08 0.3 600 9122 2 rbim_L8_lzz0.30_P0.1_s2
8 0.08 0.3 600 9123 3 rbim_L8_lzz0.30_P0.1_s3
8 0.08 0.3 600 9124 4 rbim_L8_lzz0.30_P0.1_s4
8 0.08 0.3 600 9125 5 rbim_L8_lzz0.30_P0.1_s5
8 0.08 0.3 600 9126 6 rbim_L8_lzz0.30_P0.1_s6
8 0.08 0.3 600 9127 7 rbim_L8_lzz0.30_P0.1_s7
8 0.08 0.3 600 9128 8 rbim_L8_lzz0.30_P0.1_s8
8 0.08 0.3 600 9129 9 rbim_L8_lzz0.30_P0.1_s9
8 0.08 0.3 600 9130 10 rbim_L8_lzz0.30_P0.1_s10
8 0.08 0.5 600 9131 1 rbim_L8_lzz0.50_P0.1_s1
8 0.08 0.5 600 9132 2 rbim_L8_lzz0.50_P0.1_s2
8 0.08 0.5 600 9133 3 rbim_L8_lzz0.50_P0.1_s3
8 0.08 0.5 600 9134 4 rbim_L8_lzz0.50_P0.1_s4
8 0.08 0.5 600 9135 5 rbim_L8_lzz0.50_P0.1_s5
8 0.08 0.5 600 9136 6 rbim_L8_lzz0.50_P0.1_s6
8 0.08 0.5 600 9137 7 rbim_L8_lzz0.50_P0.1_s7
8 0.08 0.5 600 9138 8 rbim_L8_lzz0.50_P0.1_s8
8 0.08 0.5 600 9139 9 rbim_L8_lzz0.50_P0.1_s9
8 0.08 0.5 600 9140 10 rbim_L8_lzz0.50_P0.1_s10
8 0.08 0.7 600 9141 1 rbim_L8_lzz0.70_P0.1_s1
8 0.08 0.7 600 9142 2 rbim_L8_lzz0.70_P0.1_s2
8 0.08 0.7 600 9143 3 rbim_L8_lzz0.70_P0.1_s3
8 0.08 0.7 600 9144 4 rbim_L8_lzz0.70_P0.1_s4
8 0.08 0.7 600 9145 5 rbim_L8_lzz0.70_P0.1_s5
8 0.08 0.7 600 9146 6 rbim_L8_lzz0.70_P0.1_s6
8 0.08 0.7 600 9147 7 rbim_L8_lzz0.70_P0.1_s7
8 0.08 0.7 600 9148 8 rbim_L8_lzz0.70_P0.1_s8
8 0.08 0.7 600 9149 9 rbim_L8_lzz0.70_P0.1_s9
8 0.08 0.7 600 9150 10 rbim_L8_lzz0.70_P0.1_s10
12 0.08 0.3 600 9151 1 rbim_L12_lzz0.30_P0.1_s1
12 0.08 0.3 600 9152 2 rbim_L12_lzz0.30_P0.1_s2
12 0.08 0.3 600 9153 3 rbim_L12_lzz0.30_P0.1_s3
12 0.08 0.3 600 9154 4 rbim_L12_lzz0.30_P0.1_s4
12 0.08 0.3 600 9155 5 rbim_L12_lzz0.30_P0.1_s5
12 0.08 0.3 600 9156 6 rbim_L12_lzz0.30_P0.1_s6
12 0.08 0.3 600 9157 7 rbim_L12_lzz0.30_P0.1_s7
12 0.08 0.3 600 9158 8 rbim_L12_lzz0.30_P0.1_s8
12 0.08 0.3 600 9159 9 rbim_L12_lzz0.30_P0.1_s9
12 0.08 0.3 600 9160 10 rbim_L12_lzz0.30_P0.1_s10
12 0.08 0.5 600 9161 1 rbim_L12_lzz0.50_P0.1_s1
12 0.08 0.5 600 9162 2 rbim_L12_lzz0.50_P0.1_s2
12 0.08 0.5 600 9163 3 rbim_L12_lzz0.50_P0.1_s3
12 0.08 0.5 600 9164 4 rbim_L12_lzz0.50_P0.1_s4
12 0.08 0.5 600 9165 5 rbim_L12_lzz0.50_P0.1_s5
12 0.08 0.5 600 9166 6 rbim_L12_lzz0.50_P0.1_s6
12 0.08 0.5 600 9167 7 rbim_L12_lzz0.50_P0.1_s7
12 0.08 0.5 600 9168 8 rbim_L12_lzz0.50_P0.1_s8
12 0.08 0.5 600 9169 9 rbim_L12_lzz0.50_P0.1_s9
12 0.08 0.5 600 9170 10 rbim_L12_lzz0.50_P0.1_s10
12 0.08 0.7 600 9171 1 rbim_L12_lzz0.70_P0.1_s1
12 0.08 0.7 600 9172 2 rbim_L12_lzz0.70_P0.1_s2
12 0.08 0.7 600 9173 3 rbim_L12_lzz0.70_P0.1_s3
12 0.08 0.7 600 9174 4 rbim_L12_lzz0.70_P0.1_s4
12 0.08 0.7 600 9175 5 rbim_L12_lzz0.70_P0.1_s5
12 0.08 0.7 600 9176 6 rbim_L12_lzz0.70_P0.1_s6
12 0.08 0.7 600 9177 7 rbim_L12_lzz0.70_P0.1_s7
12 0.08 0.7 600 9178 8 rbim_L12_lzz0.70_P0.1_s8
12 0.08 0.7 600 9179 9 rbim_L12_lzz0.70_P0.1_s9
12 0.08 0.7 600 9180 10 rbim_L12_lzz0.70_P0.1_s10
16 0.08 0.3 600 9181 1 rbim_L16_lzz0.30_P0.1_s1
16 0.08 0.3 600 9182 2 rbim_L16_lzz0.30_P0.1_s2
16 0.08 0.3 600 9183 3 rbim_L16_lzz0.30_P0.1_s3
16 0.08 0.3 600 9184 4 rbim_L16_lzz0.30_P0.1_s4
16 0.08 0.3 600 9185 5 rbim_L16_lzz0.30_P0.1_s5
16 0.08 0.3 600 9186 6 rbim_L16_lzz0.30_P0.1_s6
16 0.08 0.3 600 9187 7 rbim_L16_lzz0.30_P0.1_s7
16 0.08 0.3 600 9188 8 rbim_L16_lzz0.30_P0.1_s8
16 0.08 0.3 600 9189 9 rbim_L16_lzz0.30_P0.1_s9
16 0.08 0.3 600 9190 10 rbim_L16_lzz0.30_P0.1_s10
16 0.08 0.5 600 9191 1 rbim_L16_lzz0.50_P0.1_s1
16 0.08 0.5 600 9192 2 rbim_L16_lzz0.50_P0.1_s2
16 0.08 0.5 600 9193 3 rbim_L16_lzz0.50_P0.1_s3
16 0.08 0.5 600 9194 4 rbim_L16_lzz0.50_P0.1_s4
16 0.08 0.5 600 9195 5 rbim_L16_lzz0.50_P0.1_s5
16 0.08 0.5 600 9196 6 rbim_L16_lzz0.50_P0.1_s6
16 0.08 0.5 600 9197 7 rbim_L16_lzz0.50_P0.1_s7
16 0.08 0.5 600 9198 8 rbim_L16_lzz0.50_P0.1_s8
16 0.08 0.5 600 9199 9 rbim_L16_lzz0.50_P0.1_s9
16 0.08 0.5 600 9200 10 rbim_L16_lzz0.50_P0.1_s10
16 0.08 0.7 600 9201 1 rbim_L16_lzz0.70_P0.1_s1
16 0.08 0.7 600 9202 2 rbim_L16_lzz0.70_P0.1_s2
16 0.08 0.7 600 9203 3 rbim_L16_lzz0.70_P0.1_s3
16 0.08 0.7 600 9204 4 rbim_L16_lzz0.70_P0.1_s4
16 0.08 0.7 600 9205 5 rbim_L16_lzz0.70_P0.1_s5
16 0.08 0.7 600 9206 6 rbim_L16_lzz0.70_P0.1_s6
16 0.08 0.7 600 9207 7 rbim_L16_lzz0.70_P0.1_s7
16 0.08 0.7 600 9208 8 rbim_L16_lzz0.70_P0.1_s8
16 0.08 0.7 600 9209 9 rbim_L16_lzz0.70_P0.1_s9
16 0.08 0.7 600 9210 10 rbim_L16_lzz0.70_P0.1_s10
20 0.08 0.3 600 9211 1 rbim_L20_lzz0.30_P0.1_s1
20 0.08 0.3 600 9212 2 rbim_L20_lzz0.30_P0.1_s2
20 0.08 0.3 600 9213 3 rbim_L20_lzz0.30_P0.1_s3
20 0.08 0.3 600 9214 4 rbim_L20_lzz0.30_P0.1_s4
20 0.08 0.3 600 9215 5 rbim_L20_lzz0.30_P0.1_s5
20 0.08 0.3 600 9216 6 rbim_L20_lzz0.30_P0.1_s6
20 0.08 0.3 600 9217 7 rbim_L20_lzz0.30_P0.1_s7
20 0.08 0.3 600 9218 8 rbim_L20_lzz0.30_P0.1_s8
20 0.08 0.3 600 9219 9 rbim_L20_lzz0.30_P0.1_s9
20 0.08 0.3 600 9220 10 rbim_L20_lzz0.30_P0.1_s10
20 0.08 0.5 600 9221 1 rbim_L20_lzz0.50_P0.1_s1
20 0.08 0.5 600 9222 2 rbim_L20_lzz0.50_P0.1_s2
20 0.08 0.5 600 9223 3 rbim_L20_lzz0.50_P0.1_s3
20 0.08 0.5 600 9224 4 rbim_L20_lzz0.50_P0.1_s4
20 0.08 0.5 600 9225 5 rbim_L20_lzz0.50_P0.1_s5
20 0.08 0.5 600 9226 6 rbim_L20_lzz0.50_P0.1_s6
20 0.08 0.5 600 9227 7 rbim_L20_lzz0.50_P0.1_s7
20 0.08 0.5 600 9228 8 rbim_L20_lzz0.50_P0.1_s8
20 0.08 0.5 600 9229 9 rbim_L20_lzz0.50_P0.1_s9
20 0.08 0.5 600 9230 10 rbim_L20_lzz0.50_P0.1_s10
20 0.08 0.7 600 9231 1 rbim_L20_lzz0.70_P0.1_s1
20 0.08 0.7 600 9232 2 rbim_L20_lzz0.70_P0.1_s2
20 0.08 0.7 600 9233 3 rbim_L20_lzz0.70_P0.1_s3
20 0.08 0.7 600 9234 4 rbim_L20_lzz0.70_P0.1_s4
20 0.08 0.7 600 9235 5 rbim_L20_lzz0.70_P0.1_s5
20 0.08 0.7 600 9236 6 rbim_L20_lzz0.70_P0.1_s6
20 0.08 0.7 600 9237 7 rbim_L20_lzz0.70_P0.1_s7
20 0.08 0.7 600 9238 8 rbim_L20_lzz0.70_P0.1_s8
20 0.08 0.7 600 9239 9 rbim_L20_lzz0.70_P0.1_s9
20 0.08 0.7 600 9240 10 rbim_L20_lzz0.70_P0.1_s10
8 0.1 0.3 600 9241 1 rbim_L8_lzz0.30_P0.1_s1
8 0.1 0.3 600 9242 2 rbim_L8_lzz0.30_P0.1_s2
8 0.1 0.3 600 9243 3 rbim_L8_lzz0.30_P0.1_s3
8 0.1 0.3 600 9244 4 rbim_L8_lzz0.30_P0.1_s4
8 0.1 0.3 600 9245 5 rbim_L8_lzz0.30_P0.1_s5
8 0.1 0.3 600 9246 6 rbim_L8_lzz0.30_P0.1_s6
8 0.1 0.3 600 9247 7 rbim_L8_lzz0.30_P0.1_s7
8 0.1 0.3 600 9248 8 rbim_L8_lzz0.30_P0.1_s8
8 0.1 0.3 600 9249 9 rbim_L8_lzz0.30_P0.1_s9
8 0.1 0.3 600 9250 10 rbim_L8_lzz0.30_P0.1_s10
8 0.1 0.5 600 9251 1 rbim_L8_lzz0.50_P0.1_s1
8 0.1 0.5 600 9252 2 rbim_L8_lzz0.50_P0.1_s2
8 0.1 0.5 600 9253 3 rbim_L8_lzz0.50_P0.1_s3
8 0.1 0.5 600 9254 4 rbim_L8_lzz0.50_P0.1_s4
8 0.1 0.5 600 9255 5 rbim_L8_lzz0.50_P0.1_s5
8 0.1 0.5 600 9256 6 rbim_L8_lzz0.50_P0.1_s6
8 0.1 0.5 600 9257 7 rbim_L8_lzz0.50_P0.1_s7
8 0.1 0.5 600 9258 8 rbim_L8_lzz0.50_P0.1_s8
8 0.1 0.5 600 9259 9 rbim_L8_lzz0.50_P0.1_s9
8 0.1 0.5 600 9260 10 rbim_L8_lzz0.50_P0.1_s10
8 0.1 0.7 600 9261 1 rbim_L8_lzz0.70_P0.1_s1
8 0.1 0.7 600 9262 2 rbim_L8_lzz0.70_P0.1_s2
8 0.1 0.7 600 9263 3 rbim_L8_lzz0.70_P0.1_s3
8 0.1 0.7 600 9264 4 rbim_L8_lzz0.70_P0.1_s4
8 0.1 0.7 600 9265 5 rbim_L8_lzz0.70_P0.1_s5
8 0.1 0.7 600 9266 6 rbim_L8_lzz0.70_P0.1_s6
8 0.1 0.7 600 9267 7 rbim_L8_lzz0.70_P0.1_s7
8 0.1 0.7 600 9268 8 rbim_L8_lzz0.70_P0.1_s8
8 0.1 0.7 600 9269 9 rbim_L8_lzz0.70_P0.1_s9
8 0.1 0.7 600 9270 10 rbim_L8_lzz0.70_P0.1_s10
12 0.1 0.3 600 9271 1 rbim_L12_lzz0.30_P0.1_s1
12 0.1 0.3 600 9272 2 rbim_L12_lzz0.30_P0.1_s2
12 0.1 0.3 600 9273 3 rbim_L12_lzz0.30_P0.1_s3
12 0.1 0.3 600 9274 4 rbim_L12_lzz0.30_P0.1_s4
12 0.1 0.3 600 9275 5 rbim_L12_lzz0.30_P0.1_s5
12 0.1 0.3 600 9276 6 rbim_L12_lzz0.30_P0.1_s6
12 0.1 0.3 600 9277 7 rbim_L12_lzz0.30_P0.1_s7
12 0.1 0.3 600 9278 8 rbim_L12_lzz0.30_P0.1_s8
12 0.1 0.3 600 9279 9 rbim_L12_lzz0.30_P0.1_s9
12 0.1 0.3 600 9280 10 rbim_L12_lzz0.30_P0.1_s10
12 0.1 0.5 600 9281 1 rbim_L12_lzz0.50_P0.1_s1
12 0.1 0.5 600 9282 2 rbim_L12_lzz0.50_P0.1_s2
12 0.1 0.5 600 9283 3 rbim_L12_lzz0.50_P0.1_s3
12 0.1 0.5 600 9284 4 rbim_L12_lzz0.50_P0.1_s4
12 0.1 0.5 600 9285 5 rbim_L12_lzz0.50_P0.1_s5
12 0.1 0.5 600 9286 6 rbim_L12_lzz0.50_P0.1_s6
12 0.1 0.5 600 9287 7 rbim_L12_lzz0.50_P0.1_s7
12 0.1 0.5 600 9288 8 rbim_L12_lzz0.50_P0.1_s8
12 0.1 0.5 600 9289 9 rbim_L12_lzz0.50_P0.1_s9
12 0.1 0.5 600 9290 10 rbim_L12_lzz0.50_P0.1_s10
12 0.1 0.7 600 9291 1 rbim_L12_lzz0.70_P0.1_s1
12 0.1 0.7 600 9292 2 rbim_L12_lzz0.70_P0.1_s2
12 0.1 0.7 600 9293 3 rbim_L12_lzz0.70_P0.1_s3
12 0.1 0.7 600 9294 4 rbim_L12_lzz0.70_P0.1_s4
12 0.1 0.7 600 9295 5 rbim_L12_lzz0.70_P0.1_s5
12 0.1 0.7 600 9296 6 rbim_L12_lzz0.70_P0.1_s6
12 0.1 0.7 600 9297 7 rbim_L12_lzz0.70_P0.1_s7
12 0.1 0.7 600 9298 8 rbim_L12_lzz0.70_P0.1_s8
12 0.1 0.7 600 9299 9 rbim_L12_lzz0.70_P0.1_s9
12 0.1 0.7 600 9300 10 rbim_L12_lzz0.70_P0.1_s10
16 0.1 0.3 600 9301 1 rbim_L16_lzz0.30_P0.1_s1
16 0.1 0.3 600 9302 2 rbim_L16_lzz0.30_P0.1_s2
16 0.1 0.3 600 9303 3 rbim_L16_lzz0.30_P0.1_s3
16 0.1 0.3 600 9304 4 rbim_L16_lzz0.30_P0.1_s4
16 0.1 0.3 600 9305 5 rbim_L16_lzz0.30_P0.1_s5
16 0.1 0.3 600 9306 6 rbim_L16_lzz0.30_P0.1_s6
16 0.1 0.3 600 9307 7 rbim_L16_lzz0.30_P0.1_s7
16 0.1 0.3 600 9308 8 rbim_L16_lzz0.30_P0.1_s8
16 0.1 0.3 600 9309 9 rbim_L16_lzz0.30_P0.1_s9
16 0.1 0.3 600 9310 10 rbim_L16_lzz0.30_P0.1_s10
16 0.1 0.5 600 9311 1 rbim_L16_lzz0.50_P0.1_s1
16 0.1 0.5 600 9312 2 rbim_L16_lzz0.50_P0.1_s2
16 0.1 0.5 600 9313 3 rbim_L16_lzz0.50_P0.1_s3
16 0.1 0.5 600 9314 4 rbim_L16_lzz0.50_P0.1_s4
16 0.1 0.5 600 9315 5 rbim_L16_lzz0.50_P0.1_s5
16 0.1 0.5 600 9316 6 rbim_L16_lzz0.50_P0.1_s6
16 0.1 0.5 600 9317 7 rbim_L16_lzz0.50_P0.1_s7
16 0.1 0.5 600 9318 8 rbim_L16_lzz0.50_P0.1_s8
16 0.1 0.5 600 9319 9 rbim_L16_lzz0.50_P0.1_s9
16 0.1 0.5 600 9320 10 rbim_L16_lzz0.50_P0.1_s10
16 0.1 0.7 600 9321 1 rbim_L16_lzz0.70_P0.1_s1
16 0.1 0.7 600 9322 2 rbim_L16_lzz0.70_P0.1_s2
16 0.1 0.7 600 9323 3 rbim_L16_lzz0.70_P0.1_s3
16 0.1 0.7 600 9324 4 rbim_L16_lzz0.70_P0.1_s4
16 0.1 0.7 600 9325 5 rbim_L16_lzz0.70_P0.1_s5
16 0.1 0.7 600 9326 6 rbim_L16_lzz0.70_P0.1_s6
16 0.1 0.7 600 9327 7 rbim_L16_lzz0.70_P0.1_s7
16 0.1 0.7 600 9328 8 rbim_L16_lzz0.70_P0.1_s8
16 0.1 0.7 600 9329 9 rbim_L16_lzz0.70_P0.1_s9
16 0.1 0.7 600 9330 10 rbim_L16_lzz0.70_P0.1_s10
20 0.1 0.3 600 9331 1 rbim_L20_lzz0.30_P0.1_s1
20 0.1 0.3 600 9332 2 rbim_L20_lzz0.30_P0.1_s2
20 0.1 0.3 600 9333 3 rbim_L20_lzz0.30_P0.1_s3
20 0.1 0.3 600 9334 4 rbim_L20_lzz0.30_P0.1_s4
20 0.1 0.3 600 9335 5 rbim_L20_lzz0.30_P0.1_s5
20 0.1 0.3 600 9336 6 rbim_L20_lzz0.30_P0.1_s6
20 0.1 0.3 600 9337 7 rbim_L20_lzz0.30_P0.1_s7
20 0.1 0.3 600 9338 8 rbim_L20_lzz0.30_P0.1_s8
20 0.1 0.3 600 9339 9 rbim_L20_lzz0.30_P0.1_s9
20 0.1 0.3 600 9340 10 rbim_L20_lzz0.30_P0.1_s10
20 0.1 0.5 600 9341 1 rbim_L20_lzz0.50_P0.1_s1
20 0.1 0.5 600 9342 2 rbim_L20_lzz0.50_P0.1_s2
20 0.1 0.5 600 9343 3 rbim_L20_lzz0.50_P0.1_s3
20 0.1 0.5 600 9344 4 rbim_L20_lzz0.50_P0.1_s4
20 0.1 0.5 600 9345 5 rbim_L20_lzz0.50_P0.1_s5
20 0.1 0.5 600 9346 6 rbim_L20_lzz0.50_P0.1_s6
20 0.1 0.5 600 9347 7 rbim_L20_lzz0.50_P0.1_s7
20 0.1 0.5 600 9348 8 rbim_L20_lzz0.50_P0.1_s8
20 0.1 0.5 600 9349 9 rbim_L20_lzz0.50_P0.1_s9
20 0.1 0.5 600 9350 10 rbim_L20_lzz0.50_P0.1_s10
20 0.1 0.7 600 9351 1 rbim_L20_lzz0.70_P0.1_s1
20 0.1 0.7 600 9352 2 rbim_L20_lzz0.70_P0.1_s2
20 0.1 0.7 600 9353 3 rbim_L20_lzz0.70_P0.1_s3
20 0.1 0.7 600 9354 4 rbim_L20_lzz0.70_P0.1_s4
20 0.1 0.7 600 9355 5 rbim_L20_lzz0.70_P0.1_s5
20 0.1 0.7 600 9356 6 rbim_L20_lzz0.70_P0.1_s6
20 0.1 0.7 600 9357 7 rbim_L20_lzz0.70_P0.1_s7
20 0.1 0.7 600 9358 8 rbim_L20_lzz0.70_P0.1_s8
20 0.1 0.7 600 9359 9 rbim_L20_lzz0.70_P0.1_s9
20 0.1 0.7 600 9360 10 rbim_L20_lzz0.70_P0.1_s10
8 0.11 0.3 600 9361 1 rbim_L8_lzz0.30_P0.1_s1
8 0.11 0.3 600 9362 2 rbim_L8_lzz0.30_P0.1_s2
8 0.11 0.3 600 9363 3 rbim_L8_lzz0.30_P0.1_s3
8 0.11 0.3 600 9364 4 rbim_L8_lzz0.30_P0.1_s4
8 0.11 0.3 600 9365 5 rbim_L8_lzz0.30_P0.1_s5
8 0.11 0.3 600 9366 6 rbim_L8_lzz0.30_P0.1_s6
8 0.11 0.3 600 9367 7 rbim_L8_lzz0.30_P0.1_s7
8 0.11 0.3 600 9368 8 rbim_L8_lzz0.30_P0.1_s8
8 0.11 0.3 600 9369 9 rbim_L8_lzz0.30_P0.1_s9
8 0.11 0.3 600 9370 10 rbim_L8_lzz0.30_P0.1_s10
8 0.11 0.5 600 9371 1 rbim_L8_lzz0.50_P0.1_s1
8 0.11 0.5 600 9372 2 rbim_L8_lzz0.50_P0.1_s2
8 0.11 0.5 600 9373 3 rbim_L8_lzz0.50_P0.1_s3
8 0.11 0.5 600 9374 4 rbim_L8_lzz0.50_P0.1_s4
8 0.11 0.5 600 9375 5 rbim_L8_lzz0.50_P0.1_s5
8 0.11 0.5 600 9376 6 rbim_L8_lzz0.50_P0.1_s6
8 0.11 0.5 600 9377 7 rbim_L8_lzz0.50_P0.1_s7
8 0.11 0.5 600 9378 8 rbim_L8_lzz0.50_P0.1_s8
8 0.11 0.5 600 9379 9 rbim_L8_lzz0.50_P0.1_s9
8 0.11 0.5 600 9380 10 rbim_L8_lzz0.50_P0.1_s10
8 0.11 0.7 600 9381 1 rbim_L8_lzz0.70_P0.1_s1
8 0.11 0.7 600 9382 2 rbim_L8_lzz0.70_P0.1_s2
8 0.11 0.7 600 9383 3 rbim_L8_lzz0.70_P0.1_s3
8 0.11 0.7 600 9384 4 rbim_L8_lzz0.70_P0.1_s4
8 0.11 0.7 600 9385 5 rbim_L8_lzz0.70_P0.1_s5
8 0.11 0.7 600 9386 6 rbim_L8_lzz0.70_P0.1_s6
8 0.11 0.7 600 9387 7 rbim_L8_lzz0.70_P0.1_s7
8 0.11 0.7 600 9388 8 rbim_L8_lzz0.70_P0.1_s8
8 0.11 0.7 600 9389 9 rbim_L8_lzz0.70_P0.1_s9
8 0.11 0.7 600 9390 10 rbim_L8_lzz0.70_P0.1_s10
12 0.11 0.3 600 9391 1 rbim_L12_lzz0.30_P0.1_s1
12 0.11 0.3 600 9392 2 rbim_L12_lzz0.30_P0.1_s2
12 0.11 0.3 600 9393 3 rbim_L12_lzz0.30_P0.1_s3
12 0.11 0.3 600 9394 4 rbim_L12_lzz0.30_P0.1_s4
12 0.11 0.3 600 9395 5 rbim_L12_lzz0.30_P0.1_s5
12 0.11 0.3 600 9396 6 rbim_L12_lzz0.30_P0.1_s6
12 0.11 0.3 600 9397 7 rbim_L12_lzz0.30_P0.1_s7
12 0.11 0.3 600 9398 8 rbim_L12_lzz0.30_P0.1_s8
12 0.11 0.3 600 9399 9 rbim_L12_lzz0.30_P0.1_s9
12 0.11 0.3 600 9400 10 rbim_L12_lzz0.30_P0.1_s10
12 0.11 0.5 600 9401 1 rbim_L12_lzz0.50_P0.1_s1
12 0.11 0.5 600 9402 2 rbim_L12_lzz0.50_P0.1_s2
12 0.11 0.5 600 9403 3 rbim_L12_lzz0.50_P0.1_s3
12 0.11 0.5 600 9404 4 rbim_L12_lzz0.50_P0.1_s4
12 0.11 0.5 600 9405 5 rbim_L12_lzz0.50_P0.1_s5
12 0.11 0.5 600 9406 6 rbim_L12_lzz0.50_P0.1_s6
12 0.11 0.5 600 9407 7 rbim_L12_lzz0.50_P0.1_s7
12 0.11 0.5 600 9408 8 rbim_L12_lzz0.50_P0.1_s8
12 0.11 0.5 600 9409 9 rbim_L12_lzz0.50_P0.1_s9
12 0.11 0.5 600 9410 10 rbim_L12_lzz0.50_P0.1_s10
12 0.11 0.7 600 9411 1 rbim_L12_lzz0.70_P0.1_s1
12 0.11 0.7 600 9412 2 rbim_L12_lzz0.70_P0.1_s2
12 0.11 0.7 600 9413 3 rbim_L12_lzz0.70_P0.1_s3
12 0.11 0.7 600 9414 4 rbim_L12_lzz0.70_P0.1_s4
12 0.11 0.7 600 9415 5 rbim_L12_lzz0.70_P0.1_s5
12 0.11 0.7 600 9416 6 rbim_L12_lzz0.70_P0.1_s6
12 0.11 0.7 600 9417 7 rbim_L12_lzz0.70_P0.1_s7
12 0.11 0.7 600 9418 8 rbim_L12_lzz0.70_P0.1_s8
12 0.11 0.7 600 9419 9 rbim_L12_lzz0.70_P0.1_s9
12 0.11 0.7 600 9420 10 rbim_L12_lzz0.70_P0.1_s10
16 0.11 0.3 600 9421 1 rbim_L16_lzz0.30_P0.1_s1
16 0.11 0.3 600 9422 2 rbim_L16_lzz0.30_P0.1_s2
16 0.11 0.3 600 9423 3 rbim_L16_lzz0.30_P0.1_s3
16 0.11 0.3 600 9424 4 rbim_L16_lzz0.30_P0.1_s4
16 0.11 0.3 600 9425 5 rbim_L16_lzz0.30_P0.1_s5
16 0.11 0.3 600 9426 6 rbim_L16_lzz0.30_P0.1_s6
16 0.11 0.3 600 9427 7 rbim_L16_lzz0.30_P0.1_s7
16 0.11 0.3 600 9428 8 rbim_L16_lzz0.30_P0.1_s8
16 0.11 0.3 600 9429 9 rbim_L16_lzz0.30_P0.1_s9
16 0.11 0.3 600 9430 10 rbim_L16_lzz0.30_P0.1_s10
16 0.11 0.5 600 9431 1 rbim_L16_lzz0.50_P0.1_s1
16 0.11 0.5 600 9432 2 rbim_L16_lzz0.50_P0.1_s2
16 0.11 0.5 600 9433 3 rbim_L16_lzz0.50_P0.1_s3
16 0.11 0.5 600 9434 4 rbim_L16_lzz0.50_P0.1_s4
16 0.11 0.5 600 9435 5 rbim_L16_lzz0.50_P0.1_s5
16 0.11 0.5 600 9436 6 rbim_L16_lzz0.50_P0.1_s6
16 0.11 0.5 600 9437 7 rbim_L16_lzz0.50_P0.1_s7
16 0.11 0.5 600 9438 8 rbim_L16_lzz0.50_P0.1_s8
16 0.11 0.5 600 9439 9 rbim_L16_lzz0.50_P0.1_s9
16 0.11 0.5 600 9440 10 rbim_L16_lzz0.50_P0.1_s10
16 0.11 0.7 600 9441 1 rbim_L16_lzz0.70_P0.1_s1
16 0.11 0.7 600 9442 2 rbim_L16_lzz0.70_P0.1_s2
16 0.11 0.7 600 9443 3 rbim_L16_lzz0.70_P0.1_s3
16 0.11 0.7 600 9444 4 rbim_L16_lzz0.70_P0.1_s4
16 0.11 0.7 600 9445 5 rbim_L16_lzz0.70_P0.1_s5
16 0.11 0.7 600 9446 6 rbim_L16_lzz0.70_P0.1_s6
16 0.11 0.7 600 9447 7 rbim_L16_lzz0.70_P0.1_s7
16 0.11 0.7 600 9448 8 rbim_L16_lzz0.70_P0.1_s8
16 0.11 0.7 600 9449 9 rbim_L16_lzz0.70_P0.1_s9
16 0.11 0.7 600 9450 10 rbim_L16_lzz0.70_P0.1_s10
20 0.11 0.3 600 9451 1 rbim_L20_lzz0.30_P0.1_s1
20 0.11 0.3 600 9452 2 rbim_L20_lzz0.30_P0.1_s2
20 0.11 0.3 600 9453 3 rbim_L20_lzz0.30_P0.1_s3
20 0.11 0.3 600 9454 4 rbim_L20_lzz0.30_P0.1_s4
20 0.11 0.3 600 9455 5 rbim_L20_lzz0.30_P0.1_s5
20 0.11 0.3 600 9456 6 rbim_L20_lzz0.30_P0.1_s6
20 0.11 0.3 600 9457 7 rbim_L20_lzz0.30_P0.1_s7
20 0.11 0.3 600 9458 8 rbim_L20_lzz0.30_P0.1_s8
20 0.11 0.3 600 9459 9 rbim_L20_lzz0.30_P0.1_s9
20 0.11 0.3 600 9460 10 rbim_L20_lzz0.30_P0.1_s10
20 0.11 0.5 600 9461 1 rbim_L20_lzz0.50_P0.1_s1
20 0.11 0.5 600 9462 2 rbim_L20_lzz0.50_P0.1_s2
20 0.11 0.5 600 9463 3 rbim_L20_lzz0.50_P0.1_s3
20 0.11 0.5 600 9464 4 rbim_L20_lzz0.50_P0.1_s4
20 0.11 0.5 600 9465 5 rbim_L20_lzz0.50_P0.1_s5
20 0.11 0.5 600 9466 6 rbim_L20_lzz0.50_P0.1_s6
20 0.11 0.5 600 9467 7 rbim_L20_lzz0.50_P0.1_s7
20 0.11 0.5 600 9468 8 rbim_L20_lzz0.50_P0.1_s8
20 0.11 0.5 600 9469 9 rbim_L20_lzz0.50_P0.1_s9
20 0.11 0.5 600 9470 10 rbim_L20_lzz0.50_P0.1_s10
20 0.11 0.7 600 9471 1 rbim_L20_lzz0.70_P0.1_s1
20 0.11 0.7 600 9472 2 rbim_L20_lzz0.70_P0.1_s2
20 0.11 0.7 600 9473 3 rbim_L20_lzz0.70_P0.1_s3
20 0.11 0.7 600 9474 4 rbim_L20_lzz0.70_P0.1_s4
20 0.11 0.7 600 9475 5 rbim_L20_lzz0.70_P0.1_s5
20 0.11 0.7 600 9476 6 rbim_L20_lzz0.70_P0.1_s6
20 0.11 0.7 600 9477 7 rbim_L20_lzz0.70_P0.1_s7
20 0.11 0.7 600 9478 8 rbim_L20_lzz0.70_P0.1_s8
20 0.11 0.7 600 9479 9 rbim_L20_lzz0.70_P0.1_s9
20 0.11 0.7 600 9480 10 rbim_L20_lzz0.70_P0.1_s10
8 0.12 0.3 600 9481 1 rbim_L8_lzz0.30_P0.1_s1
8 0.12 0.3 600 9482 2 rbim_L8_lzz0.30_P0.1_s2
8 0.12 0.3 600 9483 3 rbim_L8_lzz0.30_P0.1_s3
8 0.12 0.3 600 9484 4 rbim_L8_lzz0.30_P0.1_s4
8 0.12 0.3 600 9485 5 rbim_L8_lzz0.30_P0.1_s5
8 0.12 0.3 600 9486 6 rbim_L8_lzz0.30_P0.1_s6
8 0.12 0.3 600 9487 7 rbim_L8_lzz0.30_P0.1_s7
8 0.12 0.3 600 9488 8 rbim_L8_lzz0.30_P0.1_s8
8 0.12 0.3 600 9489 9 rbim_L8_lzz0.30_P0.1_s9
8 0.12 0.3 600 9490 10 rbim_L8_lzz0.30_P0.1_s10
8 0.12 0.5 600 9491 1 rbim_L8_lzz0.50_P0.1_s1
8 0.12 0.5 600 9492 2 rbim_L8_lzz0.50_P0.1_s2
8 0.12 0.5 600 9493 3 rbim_L8_lzz0.50_P0.1_s3
8 0.12 0.5 600 9494 4 rbim_L8_lzz0.50_P0.1_s4
8 0.12 0.5 600 9495 5 rbim_L8_lzz0.50_P0.1_s5
8 0.12 0.5 600 9496 6 rbim_L8_lzz0.50_P0.1_s6
8 0.12 0.5 600 9497 7 rbim_L8_lzz0.50_P0.1_s7
8 0.12 0.5 600 9498 8 rbim_L8_lzz0.50_P0.1_s8
8 0.12 0.5 600 9499 9 rbim_L8_lzz0.50_P0.1_s9
8 0.12 0.5 600 9500 10 rbim_L8_lzz0.50_P0.1_s10
8 0.12 0.7 600 9501 1 rbim_L8_lzz0.70_P0.1_s1
8 0.12 0.7 600 9502 2 rbim_L8_lzz0.70_P0.1_s2
8 0.12 0.7 600 9503 3 rbim_L8_lzz0.70_P0.1_s3
8 0.12 0.7 600 9504 4 rbim_L8_lzz0.70_P0.1_s4
8 0.12 0.7 600 9505 5 rbim_L8_lzz0.70_P0.1_s5
8 0.12 0.7 600 9506 6 rbim_L8_lzz0.70_P0.1_s6
8 0.12 0.7 600 9507 7 rbim_L8_lzz0.70_P0.1_s7
8 0.12 0.7 600 9508 8 rbim_L8_lzz0.70_P0.1_s8
8 0.12 0.7 600 9509 9 rbim_L8_lzz0.70_P0.1_s9
8 0.12 0.7 600 9510 10 rbim_L8_lzz0.70_P0.1_s10
12 0.12 0.3 600 9511 1 rbim_L12_lzz0.30_P0.1_s1
12 0.12 0.3 600 9512 2 rbim_L12_lzz0.30_P0.1_s2
12 0.12 0.3 600 9513 3 rbim_L12_lzz0.30_P0.1_s3
12 0.12 0.3 600 9514 4 rbim_L12_lzz0.30_P0.1_s4
12 0.12 0.3 600 9515 5 rbim_L12_lzz0.30_P0.1_s5
12 0.12 0.3 600 9516 6 rbim_L12_lzz0.30_P0.1_s6
12 0.12 0.3 600 9517 7 rbim_L12_lzz0.30_P0.1_s7
12 0.12 0.3 600 9518 8 rbim_L12_lzz0.30_P0.1_s8
12 0.12 0.3 600 9519 9 rbim_L12_lzz0.30_P0.1_s9
12 0.12 0.3 600 9520 10 rbim_L12_lzz0.30_P0.1_s10
12 0.12 0.5 600 9521 1 rbim_L12_lzz0.50_P0.1_s1
12 0.12 0.5 600 9522 2 rbim_L12_lzz0.50_P0.1_s2
12 0.12 0.5 600 9523 3 rbim_L12_lzz0.50_P0.1_s3
12 0.12 0.5 600 9524 4 rbim_L12_lzz0.50_P0.1_s4
12 0.12 0.5 600 9525 5 rbim_L12_lzz0.50_P0.1_s5
12 0.12 0.5 600 9526 6 rbim_L12_lzz0.50_P0.1_s6
12 0.12 0.5 600 9527 7 rbim_L12_lzz0.50_P0.1_s7
12 0.12 0.5 600 9528 8 rbim_L12_lzz0.50_P0.1_s8
12 0.12 0.5 600 9529 9 rbim_L12_lzz0.50_P0.1_s9
12 0.12 0.5 600 9530 10 rbim_L12_lzz0.50_P0.1_s10
12 0.12 0.7 600 9531 1 rbim_L12_lzz0.70_P0.1_s1
12 0.12 0.7 600 9532 2 rbim_L12_lzz0.70_P0.1_s2
12 0.12 0.7 600 9533 3 rbim_L12_lzz0.70_P0.1_s3
12 0.12 0.7 600 9534 4 rbim_L12_lzz0.70_P0.1_s4
12 0.12 0.7 600 9535 5 rbim_L12_lzz0.70_P0.1_s5
12 0.12 0.7 600 9536 6 rbim_L12_lzz0.70_P0.1_s6
12 0.12 0.7 600 9537 7 rbim_L12_lzz0.70_P0.1_s7
12 0.12 0.7 600 9538 8 rbim_L12_lzz0.70_P0.1_s8
12 0.12 0.7 600 9539 9 rbim_L12_lzz0.70_P0.1_s9
12 0.12 0.7 600 9540 10 rbim_L12_lzz0.70_P0.1_s10
16 0.12 0.3 600 9541 1 rbim_L16_lzz0.30_P0.1_s1
16 0.12 0.3 600 9542 2 rbim_L16_lzz0.30_P0.1_s2
16 0.12 0.3 600 9543 3 rbim_L16_lzz0.30_P0.1_s3
16 0.12 0.3 600 9544 4 rbim_L16_lzz0.30_P0.1_s4
16 0.12 0.3 600 9545 5 rbim_L16_lzz0.30_P0.1_s5
16 0.12 0.3 600 9546 6 rbim_L16_lzz0.30_P0.1_s6
16 0.12 0.3 600 9547 7 rbim_L16_lzz0.30_P0.1_s7
16 0.12 0.3 600 9548 8 rbim_L16_lzz0.30_P0.1_s8
16 0.12 0.3 600 9549 9 rbim_L16_lzz0.30_P0.1_s9
16 0.12 0.3 600 9550 10 rbim_L16_lzz0.30_P0.1_s10
16 0.12 0.5 600 9551 1 rbim_L16_lzz0.50_P0.1_s1
16 0.12 0.5 600 9552 2 rbim_L16_lzz0.50_P0.1_s2
16 0.12 0.5 600 9553 3 rbim_L16_lzz0.50_P0.1_s3
16 0.12 0.5 600 9554 4 rbim_L16_lzz0.50_P0.1_s4
16 0.12 0.5 600 9555 5 rbim_L16_lzz0.50_P0.1_s5
16 0.12 0.5 600 9556 6 rbim_L16_lzz0.50_P0.1_s6
16 0.12 0.5 600 9557 7 rbim_L16_lzz0.50_P0.1_s7
16 0.12 0.5 600 9558 8 rbim_L16_lzz0.50_P0.1_s8
16 0.12 0.5 600 9559 9 rbim_L16_lzz0.50_P0.1_s9
16 0.12 0.5 600 9560 10 rbim_L16_lzz0.50_P0.1_s10
16 0.12 0.7 600 9561 1 rbim_L16_lzz0.70_P0.1_s1
16 0.12 0.7 600 9562 2 rbim_L16_lzz0.70_P0.1_s2
16 0.12 0.7 600 9563 3 rbim_L16_lzz0.70_P0.1_s3
16 0.12 0.7 600 9564 4 rbim_L16_lzz0.70_P0.1_s4
16 0.12 0.7 600 9565 5 rbim_L16_lzz0.70_P0.1_s5
16 0.12 0.7 600 9566 6 rbim_L16_lzz0.70_P0.1_s6
16 0.12 0.7 600 9567 7 rbim_L16_lzz0.70_P0.1_s7
16 0.12 0.7 600 9568 8 rbim_L16_lzz0.70_P0.1_s8
16 0.12 0.7 600 9569 9 rbim_L16_lzz0.70_P0.1_s9
16 0.12 0.7 600 9570 10 rbim_L16_lzz0.70_P0.1_s10
20 0.12 0.3 600 9571 1 rbim_L20_lzz0.30_P0.1_s1
20 0.12 0.3 600 9572 2 rbim_L20_lzz0.30_P0.1_s2
20 0.12 0.3 600 9573 3 rbim_L20_lzz0.30_P0.1_s3
20 0.12 0.3 600 9574 4 rbim_L20_lzz0.30_P0.1_s4
20 0.12 0.3 600 9575 5 rbim_L20_lzz0.30_P0.1_s5
20 0.12 0.3 600 9576 6 rbim_L20_lzz0.30_P0.1_s6
20 0.12 0.3 600 9577 7 rbim_L20_lzz0.30_P0.1_s7
20 0.12 0.3 600 9578 8 rbim_L20_lzz0.30_P0.1_s8
20 0.12 0.3 600 9579 9 rbim_L20_lzz0.30_P0.1_s9
20 0.12 0.3 600 9580 10 rbim_L20_lzz0.30_P0.1_s10
20 0.12 0.5 600 9581 1 rbim_L20_lzz0.50_P0.1_s1
20 0.12 0.5 600 9582 2 rbim_L20_lzz0.50_P0.1_s2
20 0.12 0.5 600 9583 3 rbim_L20_lzz0.50_P0.1_s3
20 0.12 0.5 600 9584 4 rbim_L20_lzz0.50_P0.1_s4
20 0.12 0.5 600 9585 5 rbim_L20_lzz0.50_P0.1_s5
20 0.12 0.5 600 9586 6 rbim_L20_lzz0.50_P0.1_s6
20 0.12 0.5 600 9587 7 rbim_L20_lzz0.50_P0.1_s7
20 0.12 0.5 600 9588 8 rbim_L20_lzz0.50_P0.1_s8
20 0.12 0.5 600 9589 9 rbim_L20_lzz0.50_P0.1_s9
20 0.12 0.5 600 9590 10 rbim_L20_lzz0.50_P0.1_s10
20 0.12 0.7 600 9591 1 rbim_L20_lzz0.70_P0.1_s1
20 0.12 0.7 600 9592 2 rbim_L20_lzz0.70_P0.1_s2
20 0.12 0.7 600 9593 3 rbim_L20_lzz0.70_P0.1_s3
20 0.12 0.7 600 9594 4 rbim_L20_lzz0.70_P0.1_s4
20 0.12 0.7 600 9595 5 rbim_L20_lzz0.70_P0.1_s5
20 0.12 0.7 600 9596 6 rbim_L20_lzz0.70_P0.1_s6
20 0.12 0.7 600 9597 7 rbim_L20_lzz0.70_P0.1_s7
20 0.12 0.7 600 9598 8 rbim_L20_lzz0.70_P0.1_s8
20 0.12 0.7 600 9599 9 rbim_L20_lzz0.70_P0.1_s9
20 0.12 0.7 600 9600 10 rbim_L20_lzz0.70_P0.1_s10
8 0.13 0.3 600 9601 1 rbim_L8_lzz0.30_P0.1_s1
8 0.13 0.3 600 9602 2 rbim_L8_lzz0.30_P0.1_s2
8 0.13 0.3 600 9603 3 rbim_L8_lzz0.30_P0.1_s3
8 0.13 0.3 600 9604 4 rbim_L8_lzz0.30_P0.1_s4
8 0.13 0.3 600 9605 5 rbim_L8_lzz0.30_P0.1_s5
8 0.13 0.3 600 9606 6 rbim_L8_lzz0.30_P0.1_s6
8 0.13 0.3 600 9607 7 rbim_L8_lzz0.30_P0.1_s7
8 0.13 0.3 600 9608 8 rbim_L8_lzz0.30_P0.1_s8
8 0.13 0.3 600 9609 9 rbim_L8_lzz0.30_P0.1_s9
8 0.13 0.3 600 9610 10 rbim_L8_lzz0.30_P0.1_s10
8 0.13 0.5 600 9611 1 rbim_L8_lzz0.50_P0.1_s1
8 0.13 0.5 600 9612 2 rbim_L8_lzz0.50_P0.1_s2
8 0.13 0.5 600 9613 3 rbim_L8_lzz0.50_P0.1_s3
8 0.13 0.5 600 9614 4 rbim_L8_lzz0.50_P0.1_s4
8 0.13 0.5 600 9615 5 rbim_L8_lzz0.50_P0.1_s5
8 0.13 0.5 600 9616 6 rbim_L8_lzz0.50_P0.1_s6
8 0.13 0.5 600 9617 7 rbim_L8_lzz0.50_P0.1_s7
8 0.13 0.5 600 9618 8 rbim_L8_lzz0.50_P0.1_s8
8 0.13 0.5 600 9619 9 rbim_L8_lzz0.50_P0.1_s9
8 0.13 0.5 600 9620 10 rbim_L8_lzz0.50_P0.1_s10
8 0.13 0.7 600 9621 1 rbim_L8_lzz0.70_P0.1_s1
8 0.13 0.7 600 9622 2 rbim_L8_lzz0.70_P0.1_s2
8 0.13 0.7 600 9623 3 rbim_L8_lzz0.70_P0.1_s3
8 0.13 0.7 600 9624 4 rbim_L8_lzz0.70_P0.1_s4
8 0.13 0.7 600 9625 5 rbim_L8_lzz0.70_P0.1_s5
8 0.13 0.7 600 9626 6 rbim_L8_lzz0.70_P0.1_s6
8 0.13 0.7 600 9627 7 rbim_L8_lzz0.70_P0.1_s7
8 0.13 0.7 600 9628 8 rbim_L8_lzz0.70_P0.1_s8
8 0.13 0.7 600 9629 9 rbim_L8_lzz0.70_P0.1_s9
8 0.13 0.7 600 9630 10 rbim_L8_lzz0.70_P0.1_s10
12 0.13 0.3 600 9631 1 rbim_L12_lzz0.30_P0.1_s1
12 0.13 0.3 600 9632 2 rbim_L12_lzz0.30_P0.1_s2
12 0.13 0.3 600 9633 3 rbim_L12_lzz0.30_P0.1_s3
12 0.13 0.3 600 9634 4 rbim_L12_lzz0.30_P0.1_s4
12 0.13 0.3 600 9635 5 rbim_L12_lzz0.30_P0.1_s5
12 0.13 0.3 600 9636 6 rbim_L12_lzz0.30_P0.1_s6
12 0.13 0.3 600 9637 7 rbim_L12_lzz0.30_P0.1_s7
12 0.13 0.3 600 9638 8 rbim_L12_lzz0.30_P0.1_s8
12 0.13 0.3 600 9639 9 rbim_L12_lzz0.30_P0.1_s9
12 0.13 0.3 600 9640 10 rbim_L12_lzz0.30_P0.1_s10
12 0.13 0.5 600 9641 1 rbim_L12_lzz0.50_P0.1_s1
12 0.13 0.5 600 9642 2 rbim_L12_lzz0.50_P0.1_s2
12 0.13 0.5 600 9643 3 rbim_L12_lzz0.50_P0.1_s3
12 0.13 0.5 600 9644 4 rbim_L12_lzz0.50_P0.1_s4
12 0.13 0.5 600 9645 5 rbim_L12_lzz0.50_P0.1_s5
12 0.13 0.5 600 9646 6 rbim_L12_lzz0.50_P0.1_s6
12 0.13 0.5 600 9647 7 rbim_L12_lzz0.50_P0.1_s7
12 0.13 0.5 600 9648 8 rbim_L12_lzz0.50_P0.1_s8
12 0.13 0.5 600 9649 9 rbim_L12_lzz0.50_P0.1_s9
12 0.13 0.5 600 9650 10 rbim_L12_lzz0.50_P0.1_s10
12 0.13 0.7 600 9651 1 rbim_L12_lzz0.70_P0.1_s1
12 0.13 0.7 600 9652 2 rbim_L12_lzz0.70_P0.1_s2
12 0.13 0.7 600 9653 3 rbim_L12_lzz0.70_P0.1_s3
12 0.13 0.7 600 9654 4 rbim_L12_lzz0.70_P0.1_s4
12 0.13 0.7 600 9655 5 rbim_L12_lzz0.70_P0.1_s5
12 0.13 0.7 600 9656 6 rbim_L12_lzz0.70_P0.1_s6
12 0.13 0.7 600 9657 7 rbim_L12_lzz0.70_P0.1_s7
12 0.13 0.7 600 9658 8 rbim_L12_lzz0.70_P0.1_s8
12 0.13 0.7 600 9659 9 rbim_L12_lzz0.70_P0.1_s9
12 0.13 0.7 600 9660 10 rbim_L12_lzz0.70_P0.1_s10
16 0.13 0.3 600 9661 1 rbim_L16_lzz0.30_P0.1_s1
16 0.13 0.3 600 9662 2 rbim_L16_lzz0.30_P0.1_s2
16 0.13 0.3 600 9663 3 rbim_L16_lzz0.30_P0.1_s3
16 0.13 0.3 600 9664 4 rbim_L16_lzz0.30_P0.1_s4
16 0.13 0.3 600 9665 5 rbim_L16_lzz0.30_P0.1_s5
16 0.13 0.3 600 9666 6 rbim_L16_lzz0.30_P0.1_s6
16 0.13 0.3 600 9667 7 rbim_L16_lzz0.30_P0.1_s7
16 0.13 0.3 600 9668 8 rbim_L16_lzz0.30_P0.1_s8
16 0.13 0.3 600 9669 9 rbim_L16_lzz0.30_P0.1_s9
16 0.13 0.3 600 9670 10 rbim_L16_lzz0.30_P0.1_s10
16 0.13 0.5 600 9671 1 rbim_L16_lzz0.50_P0.1_s1
16 0.13 0.5 600 9672 2 rbim_L16_lzz0.50_P0.1_s2
16 0.13 0.5 600 9673 3 rbim_L16_lzz0.50_P0.1_s3
16 0.13 0.5 600 9674 4 rbim_L16_lzz0.50_P0.1_s4
16 0.13 0.5 600 9675 5 rbim_L16_lzz0.50_P0.1_s5
16 0.13 0.5 600 9676 6 rbim_L16_lzz0.50_P0.1_s6
16 0.13 0.5 600 9677 7 rbim_L16_lzz0.50_P0.1_s7
16 0.13 0.5 600 9678 8 rbim_L16_lzz0.50_P0.1_s8
16 0.13 0.5 600 9679 9 rbim_L16_lzz0.50_P0.1_s9
16 0.13 0.5 600 9680 10 rbim_L16_lzz0.50_P0.1_s10
16 0.13 0.7 600 9681 1 rbim_L16_lzz0.70_P0.1_s1
16 0.13 0.7 600 9682 2 rbim_L16_lzz0.70_P0.1_s2
16 0.13 0.7 600 9683 3 rbim_L16_lzz0.70_P0.1_s3
16 0.13 0.7 600 9684 4 rbim_L16_lzz0.70_P0.1_s4
16 0.13 0.7 600 9685 5 rbim_L16_lzz0.70_P0.1_s5
16 0.13 0.7 600 9686 6 rbim_L16_lzz0.70_P0.1_s6
16 0.13 0.7 600 9687 7 rbim_L16_lzz0.70_P0.1_s7
16 0.13 0.7 600 9688 8 rbim_L16_lzz0.70_P0.1_s8
16 0.13 0.7 600 9689 9 rbim_L16_lzz0.70_P0.1_s9
16 0.13 0.7 600 9690 10 rbim_L16_lzz0.70_P0.1_s10
20 0.13 0.3 600 9691 1 rbim_L20_lzz0.30_P0.1_s1
20 0.13 0.3 600 9692 2 rbim_L20_lzz0.30_P0.1_s2
20 0.13 0.3 600 9693 3 rbim_L20_lzz0.30_P0.1_s3
20 0.13 0.3 600 9694 4 rbim_L20_lzz0.30_P0.1_s4
20 0.13 0.3 600 9695 5 rbim_L20_lzz0.30_P0.1_s5
20 0.13 0.3 600 9696 6 rbim_L20_lzz0.30_P0.1_s6
20 0.13 0.3 600 9697 7 rbim_L20_lzz0.30_P0.1_s7
20 0.13 0.3 600 9698 8 rbim_L20_lzz0.30_P0.1_s8
20 0.13 0.3 600 9699 9 rbim_L20_lzz0.30_P0.1_s9
20 0.13 0.3 600 9700 10 rbim_L20_lzz0.30_P0.1_s10
20 0.13 0.5 600 9701 1 rbim_L20_lzz0.50_P0.1_s1
20 0.13 0.5 600 9702 2 rbim_L20_lzz0.50_P0.1_s2
20 0.13 0.5 600 9703 3 rbim_L20_lzz0.50_P0.1_s3
20 0.13 0.5 600 9704 4 rbim_L20_lzz0.50_P0.1_s4
20 0.13 0.5 600 9705 5 rbim_L20_lzz0.50_P0.1_s5
20 0.13 0.5 600 9706 6 rbim_L20_lzz0.50_P0.1_s6
20 0.13 0.5 600 9707 7 rbim_L20_lzz0.50_P0.1_s7
20 0.13 0.5 600 9708 8 rbim_L20_lzz0.50_P0.1_s8
20 0.13 0.5 600 9709 9 rbim_L20_lzz0.50_P0.1_s9
20 0.13 0.5 600 9710 10 rbim_L20_lzz0.50_P0.1_s10
20 0.13 0.7 600 9711 1 rbim_L20_lzz0.70_P0.1_s1
20 0.13 0.7 600 9712 2 rbim_L20_lzz0.70_P0.1_s2
20 0.13 0.7 600 9713 3 rbim_L20_lzz0.70_P0.1_s3
20 0.13 0.7 600 9714 4 rbim_L20_lzz0.70_P0.1_s4
20 0.13 0.7 600 9715 5 rbim_L20_lzz0.70_P0.1_s5
20 0.13 0.7 600 9716 6 rbim_L20_lzz0.70_P0.1_s6
20 0.13 0.7 600 9717 7 rbim_L20_lzz0.70_P0.1_s7
20 0.13 0.7 600 9718 8 rbim_L20_lzz0.70_P0.1_s8
20 0.13 0.7 600 9719 9 rbim_L20_lzz0.70_P0.1_s9
20 0.13 0.7 600 9720 10 rbim_L20_lzz0.70_P0.1_s10
8 0.14 0.3 600 9721 1 rbim_L8_lzz0.30_P0.1_s1
8 0.14 0.3 600 9722 2 rbim_L8_lzz0.30_P0.1_s2
8 0.14 0.3 600 9723 3 rbim_L8_lzz0.30_P0.1_s3
8 0.14 0.3 600 9724 4 rbim_L8_lzz0.30_P0.1_s4
8 0.14 0.3 600 9725 5 rbim_L8_lzz0.30_P0.1_s5
8 0.14 0.3 600 9726 6 rbim_L8_lzz0.30_P0.1_s6
8 0.14 0.3 600 9727 7 rbim_L8_lzz0.30_P0.1_s7
8 0.14 0.3 600 9728 8 rbim_L8_lzz0.30_P0.1_s8
8 0.14 0.3 600 9729 9 rbim_L8_lzz0.30_P0.1_s9
8 0.14 0.3 600 9730 10 rbim_L8_lzz0.30_P0.1_s10
8 0.14 0.5 600 9731 1 rbim_L8_lzz0.50_P0.1_s1
8 0.14 0.5 600 9732 2 rbim_L8_lzz0.50_P0.1_s2
8 0.14 0.5 600 9733 3 rbim_L8_lzz0.50_P0.1_s3
8 0.14 0.5 600 9734 4 rbim_L8_lzz0.50_P0.1_s4
8 0.14 0.5 600 9735 5 rbim_L8_lzz0.50_P0.1_s5
8 0.14 0.5 600 9736 6 rbim_L8_lzz0.50_P0.1_s6
8 0.14 0.5 600 9737 7 rbim_L8_lzz0.50_P0.1_s7
8 0.14 0.5 600 9738 8 rbim_L8_lzz0.50_P0.1_s8
8 0.14 0.5 600 9739 9 rbim_L8_lzz0.50_P0.1_s9
8 0.14 0.5 600 9740 10 rbim_L8_lzz0.50_P0.1_s10
8 0.14 0.7 600 9741 1 rbim_L8_lzz0.70_P0.1_s1
8 0.14 0.7 600 9742 2 rbim_L8_lzz0.70_P0.1_s2
8 0.14 0.7 600 9743 3 rbim_L8_lzz0.70_P0.1_s3
8 0.14 0.7 600 9744 4 rbim_L8_lzz0.70_P0.1_s4
8 0.14 0.7 600 9745 5 rbim_L8_lzz0.70_P0.1_s5
8 0.14 0.7 600 9746 6 rbim_L8_lzz0.70_P0.1_s6
8 0.14 0.7 600 9747 7 rbim_L8_lzz0.70_P0.1_s7
8 0.14 0.7 600 9748 8 rbim_L8_lzz0.70_P0.1_s8
8 0.14 0.7 600 9749 9 rbim_L8_lzz0.70_P0.1_s9
8 0.14 0.7 600 9750 10 rbim_L8_lzz0.70_P0.1_s10
12 0.14 0.3 600 9751 1 rbim_L12_lzz0.30_P0.1_s1
12 0.14 0.3 600 9752 2 rbim_L12_lzz0.30_P0.1_s2
12 0.14 0.3 600 9753 3 rbim_L12_lzz0.30_P0.1_s3
12 0.14 0.3 600 9754 4 rbim_L12_lzz0.30_P0.1_s4
12 0.14 0.3 600 9755 5 rbim_L12_lzz0.30_P0.1_s5
12 0.14 0.3 600 9756 6 rbim_L12_lzz0.30_P0.1_s6
12 0.14 0.3 600 9757 7 rbim_L12_lzz0.30_P0.1_s7
12 0.14 0.3 600 9758 8 rbim_L12_lzz0.30_P0.1_s8
12 0.14 0.3 600 9759 9 rbim_L12_lzz0.30_P0.1_s9
12 0.14 0.3 600 9760 10 rbim_L12_lzz0.30_P0.1_s10
12 0.14 0.5 600 9761 1 rbim_L12_lzz0.50_P0.1_s1
12 0.14 0.5 600 9762 2 rbim_L12_lzz0.50_P0.1_s2
12 0.14 0.5 600 9763 3 rbim_L12_lzz0.50_P0.1_s3
12 0.14 0.5 600 9764 4 rbim_L12_lzz0.50_P0.1_s4
12 0.14 0.5 600 9765 5 rbim_L12_lzz0.50_P0.1_s5
12 0.14 0.5 600 9766 6 rbim_L12_lzz0.50_P0.1_s6
12 0.14 0.5 600 9767 7 rbim_L12_lzz0.50_P0.1_s7
12 0.14 0.5 600 9768 8 rbim_L12_lzz0.50_P0.1_s8
12 0.14 0.5 600 9769 9 rbim_L12_lzz0.50_P0.1_s9
12 0.14 0.5 600 9770 10 rbim_L12_lzz0.50_P0.1_s10
12 0.14 0.7 600 9771 1 rbim_L12_lzz0.70_P0.1_s1
12 0.14 0.7 600 9772 2 rbim_L12_lzz0.70_P0.1_s2
12 0.14 0.7 600 9773 3 rbim_L12_lzz0.70_P0.1_s3
12 0.14 0.7 600 9774 4 rbim_L12_lzz0.70_P0.1_s4
12 0.14 0.7 600 9775 5 rbim_L12_lzz0.70_P0.1_s5
12 0.14 0.7 600 9776 6 rbim_L12_lzz0.70_P0.1_s6
12 0.14 0.7 600 9777 7 rbim_L12_lzz0.70_P0.1_s7
12 0.14 0.7 600 9778 8 rbim_L12_lzz0.70_P0.1_s8
12 0.14 0.7 600 9779 9 rbim_L12_lzz0.70_P0.1_s9
12 0.14 0.7 600 9780 10 rbim_L12_lzz0.70_P0.1_s10
16 0.14 0.3 600 9781 1 rbim_L16_lzz0.30_P0.1_s1
16 0.14 0.3 600 9782 2 rbim_L16_lzz0.30_P0.1_s2
16 0.14 0.3 600 9783 3 rbim_L16_lzz0.30_P0.1_s3
16 0.14 0.3 600 9784 4 rbim_L16_lzz0.30_P0.1_s4
16 0.14 0.3 600 9785 5 rbim_L16_lzz0.30_P0.1_s5
16 0.14 0.3 600 9786 6 rbim_L16_lzz0.30_P0.1_s6
16 0.14 0.3 600 9787 7 rbim_L16_lzz0.30_P0.1_s7
16 0.14 0.3 600 9788 8 rbim_L16_lzz0.30_P0.1_s8
16 0.14 0.3 600 9789 9 rbim_L16_lzz0.30_P0.1_s9
16 0.14 0.3 600 9790 10 rbim_L16_lzz0.30_P0.1_s10
16 0.14 0.5 600 9791 1 rbim_L16_lzz0.50_P0.1_s1
16 0.14 0.5 600 9792 2 rbim_L16_lzz0.50_P0.1_s2
16 0.14 0.5 600 9793 3 rbim_L16_lzz0.50_P0.1_s3
16 0.14 0.5 600 9794 4 rbim_L16_lzz0.50_P0.1_s4
16 0.14 0.5 600 9795 5 rbim_L16_lzz0.50_P0.1_s5
16 0.14 0.5 600 9796 6 rbim_L16_lzz0.50_P0.1_s6
16 0.14 0.5 600 9797 7 rbim_L16_lzz0.50_P0.1_s7
16 0.14 0.5 600 9798 8 rbim_L16_lzz0.50_P0.1_s8
16 0.14 0.5 600 9799 9 rbim_L16_lzz0.50_P0.1_s9
16 0.14 0.5 600 9800 10 rbim_L16_lzz0.50_P0.1_s10
16 0.14 0.7 600 9801 1 rbim_L16_lzz0.70_P0.1_s1
16 0.14 0.7 600 9802 2 rbim_L16_lzz0.70_P0.1_s2
16 0.14 0.7 600 9803 3 rbim_L16_lzz0.70_P0.1_s3
16 0.14 0.7 600 9804 4 rbim_L16_lzz0.70_P0.1_s4
16 0.14 0.7 600 9805 5 rbim_L16_lzz0.70_P0.1_s5
16 0.14 0.7 600 9806 6 rbim_L16_lzz0.70_P0.1_s6
16 0.14 0.7 600 9807 7 rbim_L16_lzz0.70_P0.1_s7
16 0.14 0.7 600 9808 8 rbim_L16_lzz0.70_P0.1_s8
16 0.14 0.7 600 9809 9 rbim_L16_lzz0.70_P0.1_s9
16 0.14 0.7 600 9810 10 rbim_L16_lzz0.70_P0.1_s10
20 0.14 0.3 600 9811 1 rbim_L20_lzz0.30_P0.1_s1
20 0.14 0.3 600 9812 2 rbim_L20_lzz0.30_P0.1_s2
20 0.14 0.3 600 9813 3 rbim_L20_lzz0.30_P0.1_s3
20 0.14 0.3 600 9814 4 rbim_L20_lzz0.30_P0.1_s4
20 0.14 0.3 600 9815 5 rbim_L20_lzz0.30_P0.1_s5
20 0.14 0.3 600 9816 6 rbim_L20_lzz0.30_P0.1_s6
20 0.14 0.3 600 9817 7 rbim_L20_lzz0.30_P0.1_s7
20 0.14 0.3 600 9818 8 rbim_L20_lzz0.30_P0.1_s8
20 0.14 0.3 600 9819 9 rbim_L20_lzz0.30_P0.1_s9
20 0.14 0.3 600 9820 10 rbim_L20_lzz0.30_P0.1_s10
20 0.14 0.5 600 9821 1 rbim_L20_lzz0.50_P0.1_s1
20 0.14 0.5 600 9822 2 rbim_L20_lzz0.50_P0.1_s2
20 0.14 0.5 600 9823 3 rbim_L20_lzz0.50_P0.1_s3
20 0.14 0.5 600 9824 4 rbim_L20_lzz0.50_P0.1_s4
20 0.14 0.5 600 9825 5 rbim_L20_lzz0.50_P0.1_s5
20 0.14 0.5 600 9826 6 rbim_L20_lzz0.50_P0.1_s6
20 0.14 0.5 600 9827 7 rbim_L20_lzz0.50_P0.1_s7
20 0.14 0.5 600 9828 8 rbim_L20_lzz0.50_P0.1_s8
20 0.14 0.5 600 9829 9 rbim_L20_lzz0.50_P0.1_s9
20 0.14 0.5 600 9830 10 rbim_L20_lzz0.50_P0.1_s10
20 0.14 0.7 600 9831 1 rbim_L20_lzz0.70_P0.1_s1
20 0.14 0.7 600 9832 2 rbim_L20_lzz0.70_P0.1_s2
20 0.14 0.7 600 9833 3 rbim_L20_lzz0.70_P0.1_s3
20 0.14 0.7 600 9834 4 rbim_L20_lzz0.70_P0.1_s4
20 0.14 0.7 600 9835 5 rbim_L20_lzz0.70_P0.1_s5
20 0.14 0.7 600 9836 6 rbim_L20_lzz0.70_P0.1_s6
20 0.14 0.7 600 9837 7 rbim_L20_lzz0.70_P0.1_s7
20 0.14 0.7 600 9838 8 rbim_L20_lzz0.70_P0.1_s8
20 0.14 0.7 600 9839 9 rbim_L20_lzz0.70_P0.1_s9
20 0.14 0.7 600 9840 10 rbim_L20_lzz0.70_P0.1_s10
8 0.15 0.3 600 9841 1 rbim_L8_lzz0.30_P0.1_s1
8 0.15 0.3 600 9842 2 rbim_L8_lzz0.30_P0.1_s2
8 0.15 0.3 600 9843 3 rbim_L8_lzz0.30_P0.1_s3
8 0.15 0.3 600 9844 4 rbim_L8_lzz0.30_P0.1_s4
8 0.15 0.3 600 9845 5 rbim_L8_lzz0.30_P0.1_s5
8 0.15 0.3 600 9846 6 rbim_L8_lzz0.30_P0.1_s6
8 0.15 0.3 600 9847 7 rbim_L8_lzz0.30_P0.1_s7
8 0.15 0.3 600 9848 8 rbim_L8_lzz0.30_P0.1_s8
8 0.15 0.3 600 9849 9 rbim_L8_lzz0.30_P0.1_s9
8 0.15 0.3 600 9850 10 rbim_L8_lzz0.30_P0.1_s10
8 0.15 0.5 600 9851 1 rbim_L8_lzz0.50_P0.1_s1
8 0.15 0.5 600 9852 2 rbim_L8_lzz0.50_P0.1_s2
8 0.15 0.5 600 9853 3 rbim_L8_lzz0.50_P0.1_s3
8 0.15 0.5 600 9854 4 rbim_L8_lzz0.50_P0.1_s4
8 0.15 0.5 600 9855 5 rbim_L8_lzz0.50_P0.1_s5
8 0.15 0.5 600 9856 6 rbim_L8_lzz0.50_P0.1_s6
8 0.15 0.5 600 9857 7 rbim_L8_lzz0.50_P0.1_s7
8 0.15 0.5 600 9858 8 rbim_L8_lzz0.50_P0.1_s8
8 0.15 0.5 600 9859 9 rbim_L8_lzz0.50_P0.1_s9
8 0.15 0.5 600 9860 10 rbim_L8_lzz0.50_P0.1_s10
8 0.15 0.7 600 9861 1 rbim_L8_lzz0.70_P0.1_s1
8 0.15 0.7 600 9862 2 rbim_L8_lzz0.70_P0.1_s2
8 0.15 0.7 600 9863 3 rbim_L8_lzz0.70_P0.1_s3
8 0.15 0.7 600 9864 4 rbim_L8_lzz0.70_P0.1_s4
8 0.15 0.7 600 9865 5 rbim_L8_lzz0.70_P0.1_s5
8 0.15 0.7 600 9866 6 rbim_L8_lzz0.70_P0.1_s6
8 0.15 0.7 600 9867 7 rbim_L8_lzz0.70_P0.1_s7
8 0.15 0.7 600 9868 8 rbim_L8_lzz0.70_P0.1_s8
8 0.15 0.7 600 9869 9 rbim_L8_lzz0.70_P0.1_s9
8 0.15 0.7 600 9870 10 rbim_L8_lzz0.70_P0.1_s10
12 0.15 0.3 600 9871 1 rbim_L12_lzz0.30_P0.1_s1
12 0.15 0.3 600 9872 2 rbim_L12_lzz0.30_P0.1_s2
12 0.15 0.3 600 9873 3 rbim_L12_lzz0.30_P0.1_s3
12 0.15 0.3 600 9874 4 rbim_L12_lzz0.30_P0.1_s4
12 0.15 0.3 600 9875 5 rbim_L12_lzz0.30_P0.1_s5
12 0.15 0.3 600 9876 6 rbim_L12_lzz0.30_P0.1_s6
12 0.15 0.3 600 9877 7 rbim_L12_lzz0.30_P0.1_s7
12 0.15 0.3 600 9878 8 rbim_L12_lzz0.30_P0.1_s8
12 0.15 0.3 600 9879 9 rbim_L12_lzz0.30_P0.1_s9
12 0.15 0.3 600 9880 10 rbim_L12_lzz0.30_P0.1_s10
12 0.15 0.5 600 9881 1 rbim_L12_lzz0.50_P0.1_s1
12 0.15 0.5 600 9882 2 rbim_L12_lzz0.50_P0.1_s2
12 0.15 0.5 600 9883 3 rbim_L12_lzz0.50_P0.1_s3
12 0.15 0.5 600 9884 4 rbim_L12_lzz0.50_P0.1_s4
12 0.15 0.5 600 9885 5 rbim_L12_lzz0.50_P0.1_s5
12 0.15 0.5 600 9886 6 rbim_L12_lzz0.50_P0.1_s6
12 0.15 0.5 600 9887 7 rbim_L12_lzz0.50_P0.1_s7
12 0.15 0.5 600 9888 8 rbim_L12_lzz0.50_P0.1_s8
12 0.15 0.5 600 9889 9 rbim_L12_lzz0.50_P0.1_s9
12 0.15 0.5 600 9890 10 rbim_L12_lzz0.50_P0.1_s10
12 0.15 0.7 600 9891 1 rbim_L12_lzz0.70_P0.1_s1
12 0.15 0.7 600 9892 2 rbim_L12_lzz0.70_P0.1_s2
12 0.15 0.7 600 9893 3 rbim_L12_lzz0.70_P0.1_s3
12 0.15 0.7 600 9894 4 rbim_L12_lzz0.70_P0.1_s4
12 0.15 0.7 600 9895 5 rbim_L12_lzz0.70_P0.1_s5
12 0.15 0.7 600 9896 6 rbim_L12_lzz0.70_P0.1_s6
12 0.15 0.7 600 9897 7 rbim_L12_lzz0.70_P0.1_s7
12 0.15 0.7 600 9898 8 rbim_L12_lzz0.70_P0.1_s8
12 0.15 0.7 600 9899 9 rbim_L12_lzz0.70_P0.1_s9
12 0.15 0.7 600 9900 10 rbim_L12_lzz0.70_P0.1_s10
16 0.15 0.3 600 9901 1 rbim_L16_lzz0.30_P0.1_s1
16 0.15 0.3 600 9902 2 rbim_L16_lzz0.30_P0.1_s2
16 0.15 0.3 600 9903 3 rbim_L16_lzz0.30_P0.1_s3
16 0.15 0.3 600 9904 4 rbim_L16_lzz0.30_P0.1_s4
16 0.15 0.3 600 9905 5 rbim_L16_lzz0.30_P0.1_s5
16 0.15 0.3 600 9906 6 rbim_L16_lzz0.30_P0.1_s6
16 0.15 0.3 600 9907 7 rbim_L16_lzz0.30_P0.1_s7
16 0.15 0.3 600 9908 8 rbim_L16_lzz0.30_P0.1_s8
16 0.15 0.3 600 9909 9 rbim_L16_lzz0.30_P0.1_s9
16 0.15 0.3 600 9910 10 rbim_L16_lzz0.30_P0.1_s10
16 0.15 0.5 600 9911 1 rbim_L16_lzz0.50_P0.1_s1
16 0.15 0.5 600 9912 2 rbim_L16_lzz0.50_P0.1_s2
16 0.15 0.5 600 9913 3 rbim_L16_lzz0.50_P0.1_s3
16 0.15 0.5 600 9914 4 rbim_L16_lzz0.50_P0.1_s4
16 0.15 0.5 600 9915 5 rbim_L16_lzz0.50_P0.1_s5
16 0.15 0.5 600 9916 6 rbim_L16_lzz0.50_P0.1_s6
16 0.15 0.5 600 9917 7 rbim_L16_lzz0.50_P0.1_s7
16 0.15 0.5 600 9918 8 rbim_L16_lzz0.50_P0.1_s8
16 0.15 0.5 600 9919 9 rbim_L16_lzz0.50_P0.1_s9
16 0.15 0.5 600 9920 10 rbim_L16_lzz0.50_P0.1_s10
16 0.15 0.7 600 9921 1 rbim_L16_lzz0.70_P0.1_s1
16 0.15 0.7 600 9922 2 rbim_L16_lzz0.70_P0.1_s2
16 0.15 0.7 600 9923 3 rbim_L16_lzz0.70_P0.1_s3
16 0.15 0.7 600 9924 4 rbim_L16_lzz0.70_P0.1_s4
16 0.15 0.7 600 9925 5 rbim_L16_lzz0.70_P0.1_s5
16 0.15 0.7 600 9926 6 rbim_L16_lzz0.70_P0.1_s6
16 0.15 0.7 600 9927 7 rbim_L16_lzz0.70_P0.1_s7
16 0.15 0.7 600 9928 8 rbim_L16_lzz0.70_P0.1_s8
16 0.15 0.7 600 9929 9 rbim_L16_lzz0.70_P0.1_s9
16 0.15 0.7 600 9930 10 rbim_L16_lzz0.70_P0.1_s10
20 0.15 0.3 600 9931 1 rbim_L20_lzz0.30_P0.1_s1
20 0.15 0.3 600 9932 2 rbim_L20_lzz0.30_P0.1_s2
20 0.15 0.3 600 9933 3 rbim_L20_lzz0.30_P0.1_s3
20 0.15 0.3 600 9934 4 rbim_L20_lzz0.30_P0.1_s4
20 0.15 0.3 600 9935 5 rbim_L20_lzz0.30_P0.1_s5
20 0.15 0.3 600 9936 6 rbim_L20_lzz0.30_P0.1_s6
20 0.15 0.3 600 9937 7 rbim_L20_lzz0.30_P0.1_s7
20 0.15 0.3 600 9938 8 rbim_L20_lzz0.30_P0.1_s8
20 0.15 0.3 600 9939 9 rbim_L20_lzz0.30_P0.1_s9
20 0.15 0.3 600 9940 10 rbim_L20_lzz0.30_P0.1_s10
20 0.15 0.5 600 9941 1 rbim_L20_lzz0.50_P0.1_s1
20 0.15 0.5 600 9942 2 rbim_L20_lzz0.50_P0.1_s2
20 0.15 0.5 600 9943 3 rbim_L20_lzz0.50_P0.1_s3
20 0.15 0.5 600 9944 4 rbim_L20_lzz0.50_P0.1_s4
20 0.15 0.5 600 9945 5 rbim_L20_lzz0.50_P0.1_s5
20 0.15 0.5 600 9946 6 rbim_L20_lzz0.50_P0.1_s6
20 0.15 0.5 600 9947 7 rbim_L20_lzz0.50_P0.1_s7
20 0.15 0.5 600 9948 8 rbim_L20_lzz0.50_P0.1_s8
20 0.15 0.5 600 9949 9 rbim_L20_lzz0.50_P0.1_s9
20 0.15 0.5 600 9950 10 rbim_L20_lzz0.50_P0.1_s10
20 0.15 0.7 600 9951 1 rbim_L20_lzz0.70_P0.1_s1
20 0.15 0.7 600 9952 2 rbim_L20_lzz0.70_P0.1_s2
20 0.15 0.7 600 9953 3 rbim_L20_lzz0.70_P0.1_s3
20 0.15 0.7 600 9954 4 rbim_L20_lzz0.70_P0.1_s4
20 0.15 0.7 600 9955 5 rbim_L20_lzz0.70_P0.1_s5
20 0.15 0.7 600 9956 6 rbim_L20_lzz0.70_P0.1_s6
20 0.15 0.7 600 9957 7 rbim_L20_lzz0.70_P0.1_s7
20 0.15 0.7 600 9958 8 rbim_L20_lzz0.70_P0.1_s8
20 0.15 0.7 600 9959 9 rbim_L20_lzz0.70_P0.1_s9
20 0.15 0.7 600 9960 10 rbim_L20_lzz0.70_P0.1_s10
8 0.17 0.3 600 9961 1 rbim_L8_lzz0.30_P0.2_s1
8 0.17 0.3 600 9962 2 rbim_L8_lzz0.30_P0.2_s2
8 0.17 0.3 600 9963 3 rbim_L8_lzz0.30_P0.2_s3
8 0.17 0.3 600 9964 4 rbim_L8_lzz0.30_P0.2_s4
8 0.17 0.3 600 9965 5 rbim_L8_lzz0.30_P0.2_s5
8 0.17 0.3 600 9966 6 rbim_L8_lzz0.30_P0.2_s6
8 0.17 0.3 600 9967 7 rbim_L8_lzz0.30_P0.2_s7
8 0.17 0.3 600 9968 8 rbim_L8_lzz0.30_P0.2_s8
8 0.17 0.3 600 9969 9 rbim_L8_lzz0.30_P0.2_s9
8 0.17 0.3 600 9970 10 rbim_L8_lzz0.30_P0.2_s10
8 0.17 0.5 600 9971 1 rbim_L8_lzz0.50_P0.2_s1
8 0.17 0.5 600 9972 2 rbim_L8_lzz0.50_P0.2_s2
8 0.17 0.5 600 9973 3 rbim_L8_lzz0.50_P0.2_s3
8 0.17 0.5 600 9974 4 rbim_L8_lzz0.50_P0.2_s4
8 0.17 0.5 600 9975 5 rbim_L8_lzz0.50_P0.2_s5
8 0.17 0.5 600 9976 6 rbim_L8_lzz0.50_P0.2_s6
8 0.17 0.5 600 9977 7 rbim_L8_lzz0.50_P0.2_s7
8 0.17 0.5 600 9978 8 rbim_L8_lzz0.50_P0.2_s8
8 0.17 0.5 600 9979 9 rbim_L8_lzz0.50_P0.2_s9
8 0.17 0.5 600 9980 10 rbim_L8_lzz0.50_P0.2_s10
8 0.17 0.7 600 9981 1 rbim_L8_lzz0.70_P0.2_s1
8 0.17 0.7 600 9982 2 rbim_L8_lzz0.70_P0.2_s2
8 0.17 0.7 600 9983 3 rbim_L8_lzz0.70_P0.2_s3
8 0.17 0.7 600 9984 4 rbim_L8_lzz0.70_P0.2_s4
8 0.17 0.7 600 9985 5 rbim_L8_lzz0.70_P0.2_s5
8 0.17 0.7 600 9986 6 rbim_L8_lzz0.70_P0.2_s6
8 0.17 0.7 600 9987 7 rbim_L8_lzz0.70_P0.2_s7
8 0.17 0.7 600 9988 8 rbim_L8_lzz0.70_P0.2_s8
8 0.17 0.7 600 9989 9 rbim_L8_lzz0.70_P0.2_s9
8 0.17 0.7 600 9990 10 rbim_L8_lzz0.70_P0.2_s10
12 0.17 0.3 600 9991 1 rbim_L12_lzz0.30_P0.2_s1
12 0.17 0.3 600 9992 2 rbim_L12_lzz0.30_P0.2_s2
12 0.17 0.3 600 9993 3 rbim_L12_lzz0.30_P0.2_s3
12 0.17 0.3 600 9994 4 rbim_L12_lzz0.30_P0.2_s4
12 0.17 0.3 600 9995 5 rbim_L12_lzz0.30_P0.2_s5
12 0.17 0.3 600 9996 6 rbim_L12_lzz0.30_P0.2_s6
12 0.17 0.3 600 9997 7 rbim_L12_lzz0.30_P0.2_s7
12 0.17 0.3 600 9998 8 rbim_L12_lzz0.30_P0.2_s8
12 0.17 0.3 600 9999 9 rbim_L12_lzz0.30_P0.2_s9
12 0.17 0.3 600 10000 10 rbim_L12_lzz0.30_P0.2_s10
12 0.17 0.5 600 10001 1 rbim_L12_lzz0.50_P0.2_s1
12 0.17 0.5 600 10002 2 rbim_L12_lzz0.50_P0.2_s2
12 0.17 0.5 600 10003 3 rbim_L12_lzz0.50_P0.2_s3
12 0.17 0.5 600 10004 4 rbim_L12_lzz0.50_P0.2_s4
12 0.17 0.5 600 10005 5 rbim_L12_lzz0.50_P0.2_s5
12 0.17 0.5 600 10006 6 rbim_L12_lzz0.50_P0.2_s6
12 0.17 0.5 600 10007 7 rbim_L12_lzz0.50_P0.2_s7
12 0.17 0.5 600 10008 8 rbim_L12_lzz0.50_P0.2_s8
12 0.17 0.5 600 10009 9 rbim_L12_lzz0.50_P0.2_s9
12 0.17 0.5 600 10010 10 rbim_L12_lzz0.50_P0.2_s10
12 0.17 0.7 600 10011 1 rbim_L12_lzz0.70_P0.2_s1
12 0.17 0.7 600 10012 2 rbim_L12_lzz0.70_P0.2_s2
12 0.17 0.7 600 10013 3 rbim_L12_lzz0.70_P0.2_s3
12 0.17 0.7 600 10014 4 rbim_L12_lzz0.70_P0.2_s4
12 0.17 0.7 600 10015 5 rbim_L12_lzz0.70_P0.2_s5
12 0.17 0.7 600 10016 6 rbim_L12_lzz0.70_P0.2_s6
12 0.17 0.7 600 10017 7 rbim_L12_lzz0.70_P0.2_s7
12 0.17 0.7 600 10018 8 rbim_L12_lzz0.70_P0.2_s8
12 0.17 0.7 600 10019 9 rbim_L12_lzz0.70_P0.2_s9
12 0.17 0.7 600 10020 10 rbim_L12_lzz0.70_P0.2_s10
16 0.17 0.3 600 10021 1 rbim_L16_lzz0.30_P0.2_s1
16 0.17 0.3 600 10022 2 rbim_L16_lzz0.30_P0.2_s2
16 0.17 0.3 600 10023 3 rbim_L16_lzz0.30_P0.2_s3
16 0.17 0.3 600 10024 4 rbim_L16_lzz0.30_P0.2_s4
16 0.17 0.3 600 10025 5 rbim_L16_lzz0.30_P0.2_s5
16 0.17 0.3 600 10026 6 rbim_L16_lzz0.30_P0.2_s6
16 0.17 0.3 600 10027 7 rbim_L16_lzz0.30_P0.2_s7
16 0.17 0.3 600 10028 8 rbim_L16_lzz0.30_P0.2_s8
16 0.17 0.3 600 10029 9 rbim_L16_lzz0.30_P0.2_s9
16 0.17 0.3 600 10030 10 rbim_L16_lzz0.30_P0.2_s10
16 0.17 0.5 600 10031 1 rbim_L16_lzz0.50_P0.2_s1
16 0.17 0.5 600 10032 2 rbim_L16_lzz0.50_P0.2_s2
16 0.17 0.5 600 10033 3 rbim_L16_lzz0.50_P0.2_s3
16 0.17 0.5 600 10034 4 rbim_L16_lzz0.50_P0.2_s4
16 0.17 0.5 600 10035 5 rbim_L16_lzz0.50_P0.2_s5
16 0.17 0.5 600 10036 6 rbim_L16_lzz0.50_P0.2_s6
16 0.17 0.5 600 10037 7 rbim_L16_lzz0.50_P0.2_s7
16 0.17 0.5 600 10038 8 rbim_L16_lzz0.50_P0.2_s8
16 0.17 0.5 600 10039 9 rbim_L16_lzz0.50_P0.2_s9
16 0.17 0.5 600 10040 10 rbim_L16_lzz0.50_P0.2_s10
16 0.17 0.7 600 10041 1 rbim_L16_lzz0.70_P0.2_s1
16 0.17 0.7 600 10042 2 rbim_L16_lzz0.70_P0.2_s2
16 0.17 0.7 600 10043 3 rbim_L16_lzz0.70_P0.2_s3
16 0.17 0.7 600 10044 4 rbim_L16_lzz0.70_P0.2_s4
16 0.17 0.7 600 10045 5 rbim_L16_lzz0.70_P0.2_s5
16 0.17 0.7 600 10046 6 rbim_L16_lzz0.70_P0.2_s6
16 0.17 0.7 600 10047 7 rbim_L16_lzz0.70_P0.2_s7
16 0.17 0.7 600 10048 8 rbim_L16_lzz0.70_P0.2_s8
16 0.17 0.7 600 10049 9 rbim_L16_lzz0.70_P0.2_s9
16 0.17 0.7 600 10050 10 rbim_L16_lzz0.70_P0.2_s10
20 0.17 0.3 600 10051 1 rbim_L20_lzz0.30_P0.2_s1
20 0.17 0.3 600 10052 2 rbim_L20_lzz0.30_P0.2_s2
20 0.17 0.3 600 10053 3 rbim_L20_lzz0.30_P0.2_s3
20 0.17 0.3 600 10054 4 rbim_L20_lzz0.30_P0.2_s4
20 0.17 0.3 600 10055 5 rbim_L20_lzz0.30_P0.2_s5
20 0.17 0.3 600 10056 6 rbim_L20_lzz0.30_P0.2_s6
20 0.17 0.3 600 10057 7 rbim_L20_lzz0.30_P0.2_s7
20 0.17 0.3 600 10058 8 rbim_L20_lzz0.30_P0.2_s8
20 0.17 0.3 600 10059 9 rbim_L20_lzz0.30_P0.2_s9
20 0.17 0.3 600 10060 10 rbim_L20_lzz0.30_P0.2_s10
20 0.17 0.5 600 10061 1 rbim_L20_lzz0.50_P0.2_s1
20 0.17 0.5 600 10062 2 rbim_L20_lzz0.50_P0.2_s2
20 0.17 0.5 600 10063 3 rbim_L20_lzz0.50_P0.2_s3
20 0.17 0.5 600 10064 4 rbim_L20_lzz0.50_P0.2_s4
20 0.17 0.5 600 10065 5 rbim_L20_lzz0.50_P0.2_s5
20 0.17 0.5 600 10066 6 rbim_L20_lzz0.50_P0.2_s6
20 0.17 0.5 600 10067 7 rbim_L20_lzz0.50_P0.2_s7
20 0.17 0.5 600 10068 8 rbim_L20_lzz0.50_P0.2_s8
20 0.17 0.5 600 10069 9 rbim_L20_lzz0.50_P0.2_s9
20 0.17 0.5 600 10070 10 rbim_L20_lzz0.50_P0.2_s10
20 0.17 0.7 600 10071 1 rbim_L20_lzz0.70_P0.2_s1
20 0.17 0.7 600 10072 2 rbim_L20_lzz0.70_P0.2_s2
20 0.17 0.7 600 10073 3 rbim_L20_lzz0.70_P0.2_s3
20 0.17 0.7 600 10074 4 rbim_L20_lzz0.70_P0.2_s4
20 0.17 0.7 600 10075 5 rbim_L20_lzz0.70_P0.2_s5
20 0.17 0.7 600 10076 6 rbim_L20_lzz0.70_P0.2_s6
20 0.17 0.7 600 10077 7 rbim_L20_lzz0.70_P0.2_s7
20 0.17 0.7 600 10078 8 rbim_L20_lzz0.70_P0.2_s8
20 0.17 0.7 600 10079 9 rbim_L20_lzz0.70_P0.2_s9
20 0.17 0.7 600 10080 10 rbim_L20_lzz0.70_P0.2_s10
8 0.2 0.3 600 10081 1 rbim_L8_lzz0.30_P0.2_s1
8 0.2 0.3 600 10082 2 rbim_L8_lzz0.30_P0.2_s2
8 0.2 0.3 600 10083 3 rbim_L8_lzz0.30_P0.2_s3
8 0.2 0.3 600 10084 4 rbim_L8_lzz0.30_P0.2_s4
8 0.2 0.3 600 10085 5 rbim_L8_lzz0.30_P0.2_s5
8 0.2 0.3 600 10086 6 rbim_L8_lzz0.30_P0.2_s6
8 0.2 0.3 600 10087 7 rbim_L8_lzz0.30_P0.2_s7
8 0.2 0.3 600 10088 8 rbim_L8_lzz0.30_P0.2_s8
8 0.2 0.3 600 10089 9 rbim_L8_lzz0.30_P0.2_s9
8 0.2 0.3 600 10090 10 rbim_L8_lzz0.30_P0.2_s10
8 0.2 0.5 600 10091 1 rbim_L8_lzz0.50_P0.2_s1
8 0.2 0.5 600 10092 2 rbim_L8_lzz0.50_P0.2_s2
8 0.2 0.5 600 10093 3 rbim_L8_lzz0.50_P0.2_s3
8 0.2 0.5 600 10094 4 rbim_L8_lzz0.50_P0.2_s4
8 0.2 0.5 600 10095 5 rbim_L8_lzz0.50_P0.2_s5
8 0.2 0.5 600 10096 6 rbim_L8_lzz0.50_P0.2_s6
8 0.2 0.5 600 10097 7 rbim_L8_lzz0.50_P0.2_s7
8 0.2 0.5 600 10098 8 rbim_L8_lzz0.50_P0.2_s8
8 0.2 0.5 600 10099 9 rbim_L8_lzz0.50_P0.2_s9
8 0.2 0.5 600 10100 10 rbim_L8_lzz0.50_P0.2_s10
8 0.2 0.7 600 10101 1 rbim_L8_lzz0.70_P0.2_s1
8 0.2 0.7 600 10102 2 rbim_L8_lzz0.70_P0.2_s2
8 0.2 0.7 600 10103 3 rbim_L8_lzz0.70_P0.2_s3
8 0.2 0.7 600 10104 4 rbim_L8_lzz0.70_P0.2_s4
8 0.2 0.7 600 10105 5 rbim_L8_lzz0.70_P0.2_s5
8 0.2 0.7 600 10106 6 rbim_L8_lzz0.70_P0.2_s6
8 0.2 0.7 600 10107 7 rbim_L8_lzz0.70_P0.2_s7
8 0.2 0.7 600 10108 8 rbim_L8_lzz0.70_P0.2_s8
8 0.2 0.7 600 10109 9 rbim_L8_lzz0.70_P0.2_s9
8 0.2 0.7 600 10110 10 rbim_L8_lzz0.70_P0.2_s10
12 0.2 0.3 600 10111 1 rbim_L12_lzz0.30_P0.2_s1
12 0.2 0.3 600 10112 2 rbim_L12_lzz0.30_P0.2_s2
12 0.2 0.3 600 10113 3 rbim_L12_lzz0.30_P0.2_s3
12 0.2 0.3 600 10114 4 rbim_L12_lzz0.30_P0.2_s4
12 0.2 0.3 600 10115 5 rbim_L12_lzz0.30_P0.2_s5
12 0.2 0.3 600 10116 6 rbim_L12_lzz0.30_P0.2_s6
12 0.2 0.3 600 10117 7 rbim_L12_lzz0.30_P0.2_s7
12 0.2 0.3 600 10118 8 rbim_L12_lzz0.30_P0.2_s8
12 0.2 0.3 600 10119 9 rbim_L12_lzz0.30_P0.2_s9
12 0.2 0.3 600 10120 10 rbim_L12_lzz0.30_P0.2_s10
12 0.2 0.5 600 10121 1 rbim_L12_lzz0.50_P0.2_s1
12 0.2 0.5 600 10122 2 rbim_L12_lzz0.50_P0.2_s2
12 0.2 0.5 600 10123 3 rbim_L12_lzz0.50_P0.2_s3
12 0.2 0.5 600 10124 4 rbim_L12_lzz0.50_P0.2_s4
12 0.2 0.5 600 10125 5 rbim_L12_lzz0.50_P0.2_s5
12 0.2 0.5 600 10126 6 rbim_L12_lzz0.50_P0.2_s6
12 0.2 0.5 600 10127 7 rbim_L12_lzz0.50_P0.2_s7
12 0.2 0.5 600 10128 8 rbim_L12_lzz0.50_P0.2_s8
12 0.2 0.5 600 10129 9 rbim_L12_lzz0.50_P0.2_s9
12 0.2 0.5 600 10130 10 rbim_L12_lzz0.50_P0.2_s10
12 0.2 0.7 600 10131 1 rbim_L12_lzz0.70_P0.2_s1
12 0.2 0.7 600 10132 2 rbim_L12_lzz0.70_P0.2_s2
12 0.2 0.7 600 10133 3 rbim_L12_lzz0.70_P0.2_s3
12 0.2 0.7 600 10134 4 rbim_L12_lzz0.70_P0.2_s4
12 0.2 0.7 600 10135 5 rbim_L12_lzz0.70_P0.2_s5
12 0.2 0.7 600 10136 6 rbim_L12_lzz0.70_P0.2_s6
12 0.2 0.7 600 10137 7 rbim_L12_lzz0.70_P0.2_s7
12 0.2 0.7 600 10138 8 rbim_L12_lzz0.70_P0.2_s8
12 0.2 0.7 600 10139 9 rbim_L12_lzz0.70_P0.2_s9
12 0.2 0.7 600 10140 10 rbim_L12_lzz0.70_P0.2_s10
16 0.2 0.3 600 10141 1 rbim_L16_lzz0.30_P0.2_s1
16 0.2 0.3 600 10142 2 rbim_L16_lzz0.30_P0.2_s2
16 0.2 0.3 600 10143 3 rbim_L16_lzz0.30_P0.2_s3
16 0.2 0.3 600 10144 4 rbim_L16_lzz0.30_P0.2_s4
16 0.2 0.3 600 10145 5 rbim_L16_lzz0.30_P0.2_s5
16 0.2 0.3 600 10146 6 rbim_L16_lzz0.30_P0.2_s6
16 0.2 0.3 600 10147 7 rbim_L16_lzz0.30_P0.2_s7
16 0.2 0.3 600 10148 8 rbim_L16_lzz0.30_P0.2_s8
16 0.2 0.3 600 10149 9 rbim_L16_lzz0.30_P0.2_s9
16 0.2 0.3 600 10150 10 rbim_L16_lzz0.30_P0.2_s10
16 0.2 0.5 600 10151 1 rbim_L16_lzz0.50_P0.2_s1
16 0.2 0.5 600 10152 2 rbim_L16_lzz0.50_P0.2_s2
16 0.2 0.5 600 10153 3 rbim_L16_lzz0.50_P0.2_s3
16 0.2 0.5 600 10154 4 rbim_L16_lzz0.50_P0.2_s4
16 0.2 0.5 600 10155 5 rbim_L16_lzz0.50_P0.2_s5
16 0.2 0.5 600 10156 6 rbim_L16_lzz0.50_P0.2_s6
16 0.2 0.5 600 10157 7 rbim_L16_lzz0.50_P0.2_s7
16 0.2 0.5 600 10158 8 rbim_L16_lzz0.50_P0.2_s8
16 0.2 0.5 600 10159 9 rbim_L16_lzz0.50_P0.2_s9
16 0.2 0.5 600 10160 10 rbim_L16_lzz0.50_P0.2_s10
16 0.2 0.7 600 10161 1 rbim_L16_lzz0.70_P0.2_s1
16 0.2 0.7 600 10162 2 rbim_L16_lzz0.70_P0.2_s2
16 0.2 0.7 600 10163 3 rbim_L16_lzz0.70_P0.2_s3
16 0.2 0.7 600 10164 4 rbim_L16_lzz0.70_P0.2_s4
16 0.2 0.7 600 10165 5 rbim_L16_lzz0.70_P0.2_s5
16 0.2 0.7 600 10166 6 rbim_L16_lzz0.70_P0.2_s6
16 0.2 0.7 600 10167 7 rbim_L16_lzz0.70_P0.2_s7
16 0.2 0.7 600 10168 8 rbim_L16_lzz0.70_P0.2_s8
16 0.2 0.7 600 10169 9 rbim_L16_lzz0.70_P0.2_s9
16 0.2 0.7 600 10170 10 rbim_L16_lzz0.70_P0.2_s10
20 0.2 0.3 600 10171 1 rbim_L20_lzz0.30_P0.2_s1
20 0.2 0.3 600 10172 2 rbim_L20_lzz0.30_P0.2_s2
20 0.2 0.3 600 10173 3 rbim_L20_lzz0.30_P0.2_s3
20 0.2 0.3 600 10174 4 rbim_L20_lzz0.30_P0.2_s4
20 0.2 0.3 600 10175 5 rbim_L20_lzz0.30_P0.2_s5
20 0.2 0.3 600 10176 6 rbim_L20_lzz0.30_P0.2_s6
20 0.2 0.3 600 10177 7 rbim_L20_lzz0.30_P0.2_s7
20 0.2 0.3 600 10178 8 rbim_L20_lzz0.30_P0.2_s8
20 0.2 0.3 600 10179 9 rbim_L20_lzz0.30_P0.2_s9
20 0.2 0.3 600 10180 10 rbim_L20_lzz0.30_P0.2_s10
20 0.2 0.5 600 10181 1 rbim_L20_lzz0.50_P0.2_s1
20 0.2 0.5 600 10182 2 rbim_L20_lzz0.50_P0.2_s2
20 0.2 0.5 600 10183 3 rbim_L20_lzz0.50_P0.2_s3
20 0.2 0.5 600 10184 4 rbim_L20_lzz0.50_P0.2_s4
20 0.2 0.5 600 10185 5 rbim_L20_lzz0.50_P0.2_s5
20 0.2 0.5 600 10186 6 rbim_L20_lzz0.50_P0.2_s6
20 0.2 0.5 600 10187 7 rbim_L20_lzz0.50_P0.2_s7
20 0.2 0.5 600 10188 8 rbim_L20_lzz0.50_P0.2_s8
20 0.2 0.5 600 10189 9 rbim_L20_lzz0.50_P0.2_s9
20 0.2 0.5 600 10190 10 rbim_L20_lzz0.50_P0.2_s10
20 0.2 0.7 600 10191 1 rbim_L20_lzz0.70_P0.2_s1
20 0.2 0.7 600 10192 2 rbim_L20_lzz0.70_P0.2_s2
20 0.2 0.7 600 10193 3 rbim_L20_lzz0.70_P0.2_s3
20 0.2 0.7 600 10194 4 rbim_L20_lzz0.70_P0.2_s4
20 0.2 0.7 600 10195 5 rbim_L20_lzz0.70_P0.2_s5
20 0.2 0.7 600 10196 6 rbim_L20_lzz0.70_P0.2_s6
20 0.2 0.7 600 10197 7 rbim_L20_lzz0.70_P0.2_s7
20 0.2 0.7 600 10198 8 rbim_L20_lzz0.70_P0.2_s8
20 0.2 0.7 600 10199 9 rbim_L20_lzz0.70_P0.2_s9
20 0.2 0.7 600 10200 10 rbim_L20_lzz0.70_P0.2_s10
8 0.25 0.3 600 10201 1 rbim_L8_lzz0.30_P0.2_s1
8 0.25 0.3 600 10202 2 rbim_L8_lzz0.30_P0.2_s2
8 0.25 0.3 600 10203 3 rbim_L8_lzz0.30_P0.2_s3
8 0.25 0.3 600 10204 4 rbim_L8_lzz0.30_P0.2_s4
8 0.25 0.3 600 10205 5 rbim_L8_lzz0.30_P0.2_s5
8 0.25 0.3 600 10206 6 rbim_L8_lzz0.30_P0.2_s6
8 0.25 0.3 600 10207 7 rbim_L8_lzz0.30_P0.2_s7
8 0.25 0.3 600 10208 8 rbim_L8_lzz0.30_P0.2_s8
8 0.25 0.3 600 10209 9 rbim_L8_lzz0.30_P0.2_s9
8 0.25 0.3 600 10210 10 rbim_L8_lzz0.30_P0.2_s10
8 0.25 0.5 600 10211 1 rbim_L8_lzz0.50_P0.2_s1
8 0.25 0.5 600 10212 2 rbim_L8_lzz0.50_P0.2_s2
8 0.25 0.5 600 10213 3 rbim_L8_lzz0.50_P0.2_s3
8 0.25 0.5 600 10214 4 rbim_L8_lzz0.50_P0.2_s4
8 0.25 0.5 600 10215 5 rbim_L8_lzz0.50_P0.2_s5
8 0.25 0.5 600 10216 6 rbim_L8_lzz0.50_P0.2_s6
8 0.25 0.5 600 10217 7 rbim_L8_lzz0.50_P0.2_s7
8 0.25 0.5 600 10218 8 rbim_L8_lzz0.50_P0.2_s8
8 0.25 0.5 600 10219 9 rbim_L8_lzz0.50_P0.2_s9
8 0.25 0.5 600 10220 10 rbim_L8_lzz0.50_P0.2_s10
8 0.25 0.7 600 10221 1 rbim_L8_lzz0.70_P0.2_s1
8 0.25 0.7 600 10222 2 rbim_L8_lzz0.70_P0.2_s2
8 0.25 0.7 600 10223 3 rbim_L8_lzz0.70_P0.2_s3
8 0.25 0.7 600 10224 4 rbim_L8_lzz0.70_P0.2_s4
8 0.25 0.7 600 10225 5 rbim_L8_lzz0.70_P0.2_s5
8 0.25 0.7 600 10226 6 rbim_L8_lzz0.70_P0.2_s6
8 0.25 0.7 600 10227 7 rbim_L8_lzz0.70_P0.2_s7
8 0.25 0.7 600 10228 8 rbim_L8_lzz0.70_P0.2_s8
8 0.25 0.7 600 10229 9 rbim_L8_lzz0.70_P0.2_s9
8 0.25 0.7 600 10230 10 rbim_L8_lzz0.70_P0.2_s10
12 0.25 0.3 600 10231 1 rbim_L12_lzz0.30_P0.2_s1
12 0.25 0.3 600 10232 2 rbim_L12_lzz0.30_P0.2_s2
12 0.25 0.3 600 10233 3 rbim_L12_lzz0.30_P0.2_s3
12 0.25 0.3 600 10234 4 rbim_L12_lzz0.30_P0.2_s4
12 0.25 0.3 600 10235 5 rbim_L12_lzz0.30_P0.2_s5
12 0.25 0.3 600 10236 6 rbim_L12_lzz0.30_P0.2_s6
12 0.25 0.3 600 10237 7 rbim_L12_lzz0.30_P0.2_s7
12 0.25 0.3 600 10238 8 rbim_L12_lzz0.30_P0.2_s8
12 0.25 0.3 600 10239 9 rbim_L12_lzz0.30_P0.2_s9
12 0.25 0.3 600 10240 10 rbim_L12_lzz0.30_P0.2_s10
12 0.25 0.5 600 10241 1 rbim_L12_lzz0.50_P0.2_s1
12 0.25 0.5 600 10242 2 rbim_L12_lzz0.50_P0.2_s2
12 0.25 0.5 600 10243 3 rbim_L12_lzz0.50_P0.2_s3
12 0.25 0.5 600 10244 4 rbim_L12_lzz0.50_P0.2_s4
12 0.25 0.5 600 10245 5 rbim_L12_lzz0.50_P0.2_s5
12 0.25 0.5 600 10246 6 rbim_L12_lzz0.50_P0.2_s6
12 0.25 0.5 600 10247 7 rbim_L12_lzz0.50_P0.2_s7
12 0.25 0.5 600 10248 8 rbim_L12_lzz0.50_P0.2_s8
12 0.25 0.5 600 10249 9 rbim_L12_lzz0.50_P0.2_s9
12 0.25 0.5 600 10250 10 rbim_L12_lzz0.50_P0.2_s10
12 0.25 0.7 600 10251 1 rbim_L12_lzz0.70_P0.2_s1
12 0.25 0.7 600 10252 2 rbim_L12_lzz0.70_P0.2_s2
12 0.25 0.7 600 10253 3 rbim_L12_lzz0.70_P0.2_s3
12 0.25 0.7 600 10254 4 rbim_L12_lzz0.70_P0.2_s4
12 0.25 0.7 600 10255 5 rbim_L12_lzz0.70_P0.2_s5
12 0.25 0.7 600 10256 6 rbim_L12_lzz0.70_P0.2_s6
12 0.25 0.7 600 10257 7 rbim_L12_lzz0.70_P0.2_s7
12 0.25 0.7 600 10258 8 rbim_L12_lzz0.70_P0.2_s8
12 0.25 0.7 600 10259 9 rbim_L12_lzz0.70_P0.2_s9
12 0.25 0.7 600 10260 10 rbim_L12_lzz0.70_P0.2_s10
16 0.25 0.3 600 10261 1 rbim_L16_lzz0.30_P0.2_s1
16 0.25 0.3 600 10262 2 rbim_L16_lzz0.30_P0.2_s2
16 0.25 0.3 600 10263 3 rbim_L16_lzz0.30_P0.2_s3
16 0.25 0.3 600 10264 4 rbim_L16_lzz0.30_P0.2_s4
16 0.25 0.3 600 10265 5 rbim_L16_lzz0.30_P0.2_s5
16 0.25 0.3 600 10266 6 rbim_L16_lzz0.30_P0.2_s6
16 0.25 0.3 600 10267 7 rbim_L16_lzz0.30_P0.2_s7
16 0.25 0.3 600 10268 8 rbim_L16_lzz0.30_P0.2_s8
16 0.25 0.3 600 10269 9 rbim_L16_lzz0.30_P0.2_s9
16 0.25 0.3 600 10270 10 rbim_L16_lzz0.30_P0.2_s10
16 0.25 0.5 600 10271 1 rbim_L16_lzz0.50_P0.2_s1
16 0.25 0.5 600 10272 2 rbim_L16_lzz0.50_P0.2_s2
16 0.25 0.5 600 10273 3 rbim_L16_lzz0.50_P0.2_s3
16 0.25 0.5 600 10274 4 rbim_L16_lzz0.50_P0.2_s4
16 0.25 0.5 600 10275 5 rbim_L16_lzz0.50_P0.2_s5
16 0.25 0.5 600 10276 6 rbim_L16_lzz0.50_P0.2_s6
16 0.25 0.5 600 10277 7 rbim_L16_lzz0.50_P0.2_s7
16 0.25 0.5 600 10278 8 rbim_L16_lzz0.50_P0.2_s8
16 0.25 0.5 600 10279 9 rbim_L16_lzz0.50_P0.2_s9
16 0.25 0.5 600 10280 10 rbim_L16_lzz0.50_P0.2_s10
16 0.25 0.7 600 10281 1 rbim_L16_lzz0.70_P0.2_s1
16 0.25 0.7 600 10282 2 rbim_L16_lzz0.70_P0.2_s2
16 0.25 0.7 600 10283 3 rbim_L16_lzz0.70_P0.2_s3
16 0.25 0.7 600 10284 4 rbim_L16_lzz0.70_P0.2_s4
16 0.25 0.7 600 10285 5 rbim_L16_lzz0.70_P0.2_s5
16 0.25 0.7 600 10286 6 rbim_L16_lzz0.70_P0.2_s6
16 0.25 0.7 600 10287 7 rbim_L16_lzz0.70_P0.2_s7
16 0.25 0.7 600 10288 8 rbim_L16_lzz0.70_P0.2_s8
16 0.25 0.7 600 10289 9 rbim_L16_lzz0.70_P0.2_s9
16 0.25 0.7 600 10290 10 rbim_L16_lzz0.70_P0.2_s10
20 0.25 0.3 600 10291 1 rbim_L20_lzz0.30_P0.2_s1
20 0.25 0.3 600 10292 2 rbim_L20_lzz0.30_P0.2_s2
20 0.25 0.3 600 10293 3 rbim_L20_lzz0.30_P0.2_s3
20 0.25 0.3 600 10294 4 rbim_L20_lzz0.30_P0.2_s4
20 0.25 0.3 600 10295 5 rbim_L20_lzz0.30_P0.2_s5
20 0.25 0.3 600 10296 6 rbim_L20_lzz0.30_P0.2_s6
20 0.25 0.3 600 10297 7 rbim_L20_lzz0.30_P0.2_s7
20 0.25 0.3 600 10298 8 rbim_L20_lzz0.30_P0.2_s8
20 0.25 0.3 600 10299 9 rbim_L20_lzz0.30_P0.2_s9
20 0.25 0.3 600 10300 10 rbim_L20_lzz0.30_P0.2_s10
20 0.25 0.5 600 10301 1 rbim_L20_lzz0.50_P0.2_s1
20 0.25 0.5 600 10302 2 rbim_L20_lzz0.50_P0.2_s2
20 0.25 0.5 600 10303 3 rbim_L20_lzz0.50_P0.2_s3
20 0.25 0.5 600 10304 4 rbim_L20_lzz0.50_P0.2_s4
20 0.25 0.5 600 10305 5 rbim_L20_lzz0.50_P0.2_s5
20 0.25 0.5 600 10306 6 rbim_L20_lzz0.50_P0.2_s6
20 0.25 0.5 600 10307 7 rbim_L20_lzz0.50_P0.2_s7
20 0.25 0.5 600 10308 8 rbim_L20_lzz0.50_P0.2_s8
20 0.25 0.5 600 10309 9 rbim_L20_lzz0.50_P0.2_s9
20 0.25 0.5 600 10310 10 rbim_L20_lzz0.50_P0.2_s10
20 0.25 0.7 600 10311 1 rbim_L20_lzz0.70_P0.2_s1
20 0.25 0.7 600 10312 2 rbim_L20_lzz0.70_P0.2_s2
20 0.25 0.7 600 10313 3 rbim_L20_lzz0.70_P0.2_s3
20 0.25 0.7 600 10314 4 rbim_L20_lzz0.70_P0.2_s4
20 0.25 0.7 600 10315 5 rbim_L20_lzz0.70_P0.2_s5
20 0.25 0.7 600 10316 6 rbim_L20_lzz0.70_P0.2_s6
20 0.25 0.7 600 10317 7 rbim_L20_lzz0.70_P0.2_s7
20 0.25 0.7 600 10318 8 rbim_L20_lzz0.70_P0.2_s8
20 0.25 0.7 600 10319 9 rbim_L20_lzz0.70_P0.2_s9
20 0.25 0.7 600 10320 10 rbim_L20_lzz0.70_P0.2_s10
8 0.3 0.3 600 10321 1 rbim_L8_lzz0.30_P0.3_s1
8 0.3 0.3 600 10322 2 rbim_L8_lzz0.30_P0.3_s2
8 0.3 0.3 600 10323 3 rbim_L8_lzz0.30_P0.3_s3
8 0.3 0.3 600 10324 4 rbim_L8_lzz0.30_P0.3_s4
8 0.3 0.3 600 10325 5 rbim_L8_lzz0.30_P0.3_s5
8 0.3 0.3 600 10326 6 rbim_L8_lzz0.30_P0.3_s6
8 0.3 0.3 600 10327 7 rbim_L8_lzz0.30_P0.3_s7
8 0.3 0.3 600 10328 8 rbim_L8_lzz0.30_P0.3_s8
8 0.3 0.3 600 10329 9 rbim_L8_lzz0.30_P0.3_s9
8 0.3 0.3 600 10330 10 rbim_L8_lzz0.30_P0.3_s10
8 0.3 0.5 600 10331 1 rbim_L8_lzz0.50_P0.3_s1
8 0.3 0.5 600 10332 2 rbim_L8_lzz0.50_P0.3_s2
8 0.3 0.5 600 10333 3 rbim_L8_lzz0.50_P0.3_s3
8 0.3 0.5 600 10334 4 rbim_L8_lzz0.50_P0.3_s4
8 0.3 0.5 600 10335 5 rbim_L8_lzz0.50_P0.3_s5
8 0.3 0.5 600 10336 6 rbim_L8_lzz0.50_P0.3_s6
8 0.3 0.5 600 10337 7 rbim_L8_lzz0.50_P0.3_s7
8 0.3 0.5 600 10338 8 rbim_L8_lzz0.50_P0.3_s8
8 0.3 0.5 600 10339 9 rbim_L8_lzz0.50_P0.3_s9
8 0.3 0.5 600 10340 10 rbim_L8_lzz0.50_P0.3_s10
8 0.3 0.7 600 10341 1 rbim_L8_lzz0.70_P0.3_s1
8 0.3 0.7 600 10342 2 rbim_L8_lzz0.70_P0.3_s2
8 0.3 0.7 600 10343 3 rbim_L8_lzz0.70_P0.3_s3
8 0.3 0.7 600 10344 4 rbim_L8_lzz0.70_P0.3_s4
8 0.3 0.7 600 10345 5 rbim_L8_lzz0.70_P0.3_s5
8 0.3 0.7 600 10346 6 rbim_L8_lzz0.70_P0.3_s6
8 0.3 0.7 600 10347 7 rbim_L8_lzz0.70_P0.3_s7
8 0.3 0.7 600 10348 8 rbim_L8_lzz0.70_P0.3_s8
8 0.3 0.7 600 10349 9 rbim_L8_lzz0.70_P0.3_s9
8 0.3 0.7 600 10350 10 rbim_L8_lzz0.70_P0.3_s10
12 0.3 0.3 600 10351 1 rbim_L12_lzz0.30_P0.3_s1
12 0.3 0.3 600 10352 2 rbim_L12_lzz0.30_P0.3_s2
12 0.3 0.3 600 10353 3 rbim_L12_lzz0.30_P0.3_s3
12 0.3 0.3 600 10354 4 rbim_L12_lzz0.30_P0.3_s4
12 0.3 0.3 600 10355 5 rbim_L12_lzz0.30_P0.3_s5
12 0.3 0.3 600 10356 6 rbim_L12_lzz0.30_P0.3_s6
12 0.3 0.3 600 10357 7 rbim_L12_lzz0.30_P0.3_s7
12 0.3 0.3 600 10358 8 rbim_L12_lzz0.30_P0.3_s8
12 0.3 0.3 600 10359 9 rbim_L12_lzz0.30_P0.3_s9
12 0.3 0.3 600 10360 10 rbim_L12_lzz0.30_P0.3_s10
12 0.3 0.5 600 10361 1 rbim_L12_lzz0.50_P0.3_s1
12 0.3 0.5 600 10362 2 rbim_L12_lzz0.50_P0.3_s2
12 0.3 0.5 600 10363 3 rbim_L12_lzz0.50_P0.3_s3
12 0.3 0.5 600 10364 4 rbim_L12_lzz0.50_P0.3_s4
12 0.3 0.5 600 10365 5 rbim_L12_lzz0.50_P0.3_s5
12 0.3 0.5 600 10366 6 rbim_L12_lzz0.50_P0.3_s6
12 0.3 0.5 600 10367 7 rbim_L12_lzz0.50_P0.3_s7
12 0.3 0.5 600 10368 8 rbim_L12_lzz0.50_P0.3_s8
12 0.3 0.5 600 10369 9 rbim_L12_lzz0.50_P0.3_s9
12 0.3 0.5 600 10370 10 rbim_L12_lzz0.50_P0.3_s10
12 0.3 0.7 600 10371 1 rbim_L12_lzz0.70_P0.3_s1
12 0.3 0.7 600 10372 2 rbim_L12_lzz0.70_P0.3_s2
12 0.3 0.7 600 10373 3 rbim_L12_lzz0.70_P0.3_s3
12 0.3 0.7 600 10374 4 rbim_L12_lzz0.70_P0.3_s4
12 0.3 0.7 600 10375 5 rbim_L12_lzz0.70_P0.3_s5
12 0.3 0.7 600 10376 6 rbim_L12_lzz0.70_P0.3_s6
12 0.3 0.7 600 10377 7 rbim_L12_lzz0.70_P0.3_s7
12 0.3 0.7 600 10378 8 rbim_L12_lzz0.70_P0.3_s8
12 0.3 0.7 600 10379 9 rbim_L12_lzz0.70_P0.3_s9
12 0.3 0.7 600 10380 10 rbim_L12_lzz0.70_P0.3_s10
16 0.3 0.3 600 10381 1 rbim_L16_lzz0.30_P0.3_s1
16 0.3 0.3 600 10382 2 rbim_L16_lzz0.30_P0.3_s2
16 0.3 0.3 600 10383 3 rbim_L16_lzz0.30_P0.3_s3
16 0.3 0.3 600 10384 4 rbim_L16_lzz0.30_P0.3_s4
16 0.3 0.3 600 10385 5 rbim_L16_lzz0.30_P0.3_s5
16 0.3 0.3 600 10386 6 rbim_L16_lzz0.30_P0.3_s6
16 0.3 0.3 600 10387 7 rbim_L16_lzz0.30_P0.3_s7
16 0.3 0.3 600 10388 8 rbim_L16_lzz0.30_P0.3_s8
16 0.3 0.3 600 10389 9 rbim_L16_lzz0.30_P0.3_s9
16 0.3 0.3 600 10390 10 rbim_L16_lzz0.30_P0.3_s10
16 0.3 0.5 600 10391 1 rbim_L16_lzz0.50_P0.3_s1
16 0.3 0.5 600 10392 2 rbim_L16_lzz0.50_P0.3_s2
16 0.3 0.5 600 10393 3 rbim_L16_lzz0.50_P0.3_s3
16 0.3 0.5 600 10394 4 rbim_L16_lzz0.50_P0.3_s4
16 0.3 0.5 600 10395 5 rbim_L16_lzz0.50_P0.3_s5
16 0.3 0.5 600 10396 6 rbim_L16_lzz0.50_P0.3_s6
16 0.3 0.5 600 10397 7 rbim_L16_lzz0.50_P0.3_s7
16 0.3 0.5 600 10398 8 rbim_L16_lzz0.50_P0.3_s8
16 0.3 0.5 600 10399 9 rbim_L16_lzz0.50_P0.3_s9
16 0.3 0.5 600 10400 10 rbim_L16_lzz0.50_P0.3_s10
16 0.3 0.7 600 10401 1 rbim_L16_lzz0.70_P0.3_s1
16 0.3 0.7 600 10402 2 rbim_L16_lzz0.70_P0.3_s2
16 0.3 0.7 600 10403 3 rbim_L16_lzz0.70_P0.3_s3
16 0.3 0.7 600 10404 4 rbim_L16_lzz0.70_P0.3_s4
16 0.3 0.7 600 10405 5 rbim_L16_lzz0.70_P0.3_s5
16 0.3 0.7 600 10406 6 rbim_L16_lzz0.70_P0.3_s6
16 0.3 0.7 600 10407 7 rbim_L16_lzz0.70_P0.3_s7
16 0.3 0.7 600 10408 8 rbim_L16_lzz0.70_P0.3_s8
16 0.3 0.7 600 10409 9 rbim_L16_lzz0.70_P0.3_s9
16 0.3 0.7 600 10410 10 rbim_L16_lzz0.70_P0.3_s10
20 0.3 0.3 600 10411 1 rbim_L20_lzz0.30_P0.3_s1
20 0.3 0.3 600 10412 2 rbim_L20_lzz0.30_P0.3_s2
20 0.3 0.3 600 10413 3 rbim_L20_lzz0.30_P0.3_s3
20 0.3 0.3 600 10414 4 rbim_L20_lzz0.30_P0.3_s4
20 0.3 0.3 600 10415 5 rbim_L20_lzz0.30_P0.3_s5
20 0.3 0.3 600 10416 6 rbim_L20_lzz0.30_P0.3_s6
20 0.3 0.3 600 10417 7 rbim_L20_lzz0.30_P0.3_s7
20 0.3 0.3 600 10418 8 rbim_L20_lzz0.30_P0.3_s8
20 0.3 0.3 600 10419 9 rbim_L20_lzz0.30_P0.3_s9
20 0.3 0.3 600 10420 10 rbim_L20_lzz0.30_P0.3_s10
20 0.3 0.5 600 10421 1 rbim_L20_lzz0.50_P0.3_s1
20 0.3 0.5 600 10422 2 rbim_L20_lzz0.50_P0.3_s2
20 0.3 0.5 600 10423 3 rbim_L20_lzz0.50_P0.3_s3
20 0.3 0.5 600 10424 4 rbim_L20_lzz0.50_P0.3_s4
20 0.3 0.5 600 10425 5 rbim_L20_lzz0.50_P0.3_s5
20 0.3 0.5 600 10426 6 rbim_L20_lzz0.50_P0.3_s6
20 0.3 0.5 600 10427 7 rbim_L20_lzz0.50_P0.3_s7
20 0.3 0.5 600 10428 8 rbim_L20_lzz0.50_P0.3_s8
20 0.3 0.5 600 10429 9 rbim_L20_lzz0.50_P0.3_s9
20 0.3 0.5 600 10430 10 rbim_L20_lzz0.50_P0.3_s10
20 0.3 0.7 600 10431 1 rbim_L20_lzz0.70_P0.3_s1
20 0.3 0.7 600 10432 2 rbim_L20_lzz0.70_P0.3_s2
20 0.3 0.7 600 10433 3 rbim_L20_lzz0.70_P0.3_s3
20 0.3 0.7 600 10434 4 rbim_L20_lzz0.70_P0.3_s4
20 0.3 0.7 600 10435 5 rbim_L20_lzz0.70_P0.3_s5
20 0.3 0.7 600 10436 6 rbim_L20_lzz0.70_P0.3_s6
20 0.3 0.7 600 10437 7 rbim_L20_lzz0.70_P0.3_s7
20 0.3 0.7 600 10438 8 rbim_L20_lzz0.70_P0.3_s8
20 0.3 0.7 600 10439 9 rbim_L20_lzz0.70_P0.3_s9
20 0.3 0.7 600 10440 10 rbim_L20_lzz0.70_P0.3_s10
8 0.4 0.3 600 10441 1 rbim_L8_lzz0.30_P0.4_s1
8 0.4 0.3 600 10442 2 rbim_L8_lzz0.30_P0.4_s2
8 0.4 0.3 600 10443 3 rbim_L8_lzz0.30_P0.4_s3
8 0.4 0.3 600 10444 4 rbim_L8_lzz0.30_P0.4_s4
8 0.4 0.3 600 10445 5 rbim_L8_lzz0.30_P0.4_s5
8 0.4 0.3 600 10446 6 rbim_L8_lzz0.30_P0.4_s6
8 0.4 0.3 600 10447 7 rbim_L8_lzz0.30_P0.4_s7
8 0.4 0.3 600 10448 8 rbim_L8_lzz0.30_P0.4_s8
8 0.4 0.3 600 10449 9 rbim_L8_lzz0.30_P0.4_s9
8 0.4 0.3 600 10450 10 rbim_L8_lzz0.30_P0.4_s10
8 0.4 0.5 600 10451 1 rbim_L8_lzz0.50_P0.4_s1
8 0.4 0.5 600 10452 2 rbim_L8_lzz0.50_P0.4_s2
8 0.4 0.5 600 10453 3 rbim_L8_lzz0.50_P0.4_s3
8 0.4 0.5 600 10454 4 rbim_L8_lzz0.50_P0.4_s4
8 0.4 0.5 600 10455 5 rbim_L8_lzz0.50_P0.4_s5
8 0.4 0.5 600 10456 6 rbim_L8_lzz0.50_P0.4_s6
8 0.4 0.5 600 10457 7 rbim_L8_lzz0.50_P0.4_s7
8 0.4 0.5 600 10458 8 rbim_L8_lzz0.50_P0.4_s8
8 0.4 0.5 600 10459 9 rbim_L8_lzz0.50_P0.4_s9
8 0.4 0.5 600 10460 10 rbim_L8_lzz0.50_P0.4_s10
8 0.4 0.7 600 10461 1 rbim_L8_lzz0.70_P0.4_s1
8 0.4 0.7 600 10462 2 rbim_L8_lzz0.70_P0.4_s2
8 0.4 0.7 600 10463 3 rbim_L8_lzz0.70_P0.4_s3
8 0.4 0.7 600 10464 4 rbim_L8_lzz0.70_P0.4_s4
8 0.4 0.7 600 10465 5 rbim_L8_lzz0.70_P0.4_s5
8 0.4 0.7 600 10466 6 rbim_L8_lzz0.70_P0.4_s6
8 0.4 0.7 600 10467 7 rbim_L8_lzz0.70_P0.4_s7
8 0.4 0.7 600 10468 8 rbim_L8_lzz0.70_P0.4_s8
8 0.4 0.7 600 10469 9 rbim_L8_lzz0.70_P0.4_s9
8 0.4 0.7 600 10470 10 rbim_L8_lzz0.70_P0.4_s10
12 0.4 0.3 600 10471 1 rbim_L12_lzz0.30_P0.4_s1
12 0.4 0.3 600 10472 2 rbim_L12_lzz0.30_P0.4_s2
12 0.4 0.3 600 10473 3 rbim_L12_lzz0.30_P0.4_s3
12 0.4 0.3 600 10474 4 rbim_L12_lzz0.30_P0.4_s4
12 0.4 0.3 600 10475 5 rbim_L12_lzz0.30_P0.4_s5
12 0.4 0.3 600 10476 6 rbim_L12_lzz0.30_P0.4_s6
12 0.4 0.3 600 10477 7 rbim_L12_lzz0.30_P0.4_s7
12 0.4 0.3 600 10478 8 rbim_L12_lzz0.30_P0.4_s8
12 0.4 0.3 600 10479 9 rbim_L12_lzz0.30_P0.4_s9
12 0.4 0.3 600 10480 10 rbim_L12_lzz0.30_P0.4_s10
12 0.4 0.5 600 10481 1 rbim_L12_lzz0.50_P0.4_s1
12 0.4 0.5 600 10482 2 rbim_L12_lzz0.50_P0.4_s2
12 0.4 0.5 600 10483 3 rbim_L12_lzz0.50_P0.4_s3
12 0.4 0.5 600 10484 4 rbim_L12_lzz0.50_P0.4_s4
12 0.4 0.5 600 10485 5 rbim_L12_lzz0.50_P0.4_s5
12 0.4 0.5 600 10486 6 rbim_L12_lzz0.50_P0.4_s6
12 0.4 0.5 600 10487 7 rbim_L12_lzz0.50_P0.4_s7
12 0.4 0.5 600 10488 8 rbim_L12_lzz0.50_P0.4_s8
12 0.4 0.5 600 10489 9 rbim_L12_lzz0.50_P0.4_s9
12 0.4 0.5 600 10490 10 rbim_L12_lzz0.50_P0.4_s10
12 0.4 0.7 600 10491 1 rbim_L12_lzz0.70_P0.4_s1
12 0.4 0.7 600 10492 2 rbim_L12_lzz0.70_P0.4_s2
12 0.4 0.7 600 10493 3 rbim_L12_lzz0.70_P0.4_s3
12 0.4 0.7 600 10494 4 rbim_L12_lzz0.70_P0.4_s4
12 0.4 0.7 600 10495 5 rbim_L12_lzz0.70_P0.4_s5
12 0.4 0.7 600 10496 6 rbim_L12_lzz0.70_P0.4_s6
12 0.4 0.7 600 10497 7 rbim_L12_lzz0.70_P0.4_s7
12 0.4 0.7 600 10498 8 rbim_L12_lzz0.70_P0.4_s8
12 0.4 0.7 600 10499 9 rbim_L12_lzz0.70_P0.4_s9
12 0.4 0.7 600 10500 10 rbim_L12_lzz0.70_P0.4_s10
16 0.4 0.3 600 10501 1 rbim_L16_lzz0.30_P0.4_s1
16 0.4 0.3 600 10502 2 rbim_L16_lzz0.30_P0.4_s2
16 0.4 0.3 600 10503 3 rbim_L16_lzz0.30_P0.4_s3
16 0.4 0.3 600 10504 4 rbim_L16_lzz0.30_P0.4_s4
16 0.4 0.3 600 10505 5 rbim_L16_lzz0.30_P0.4_s5
16 0.4 0.3 600 10506 6 rbim_L16_lzz0.30_P0.4_s6
16 0.4 0.3 600 10507 7 rbim_L16_lzz0.30_P0.4_s7
16 0.4 0.3 600 10508 8 rbim_L16_lzz0.30_P0.4_s8
16 0.4 0.3 600 10509 9 rbim_L16_lzz0.30_P0.4_s9
16 0.4 0.3 600 10510 10 rbim_L16_lzz0.30_P0.4_s10
16 0.4 0.5 600 10511 1 rbim_L16_lzz0.50_P0.4_s1
16 0.4 0.5 600 10512 2 rbim_L16_lzz0.50_P0.4_s2
16 0.4 0.5 600 10513 3 rbim_L16_lzz0.50_P0.4_s3
16 0.4 0.5 600 10514 4 rbim_L16_lzz0.50_P0.4_s4
16 0.4 0.5 600 10515 5 rbim_L16_lzz0.50_P0.4_s5
16 0.4 0.5 600 10516 6 rbim_L16_lzz0.50_P0.4_s6
16 0.4 0.5 600 10517 7 rbim_L16_lzz0.50_P0.4_s7
16 0.4 0.5 600 10518 8 rbim_L16_lzz0.50_P0.4_s8
16 0.4 0.5 600 10519 9 rbim_L16_lzz0.50_P0.4_s9
16 0.4 0.5 600 10520 10 rbim_L16_lzz0.50_P0.4_s10
16 0.4 0.7 600 10521 1 rbim_L16_lzz0.70_P0.4_s1
16 0.4 0.7 600 10522 2 rbim_L16_lzz0.70_P0.4_s2
16 0.4 0.7 600 10523 3 rbim_L16_lzz0.70_P0.4_s3
16 0.4 0.7 600 10524 4 rbim_L16_lzz0.70_P0.4_s4
16 0.4 0.7 600 10525 5 rbim_L16_lzz0.70_P0.4_s5
16 0.4 0.7 600 10526 6 rbim_L16_lzz0.70_P0.4_s6
16 0.4 0.7 600 10527 7 rbim_L16_lzz0.70_P0.4_s7
16 0.4 0.7 600 10528 8 rbim_L16_lzz0.70_P0.4_s8
16 0.4 0.7 600 10529 9 rbim_L16_lzz0.70_P0.4_s9
16 0.4 0.7 600 10530 10 rbim_L16_lzz0.70_P0.4_s10
20 0.4 0.3 600 10531 1 rbim_L20_lzz0.30_P0.4_s1
20 0.4 0.3 600 10532 2 rbim_L20_lzz0.30_P0.4_s2
20 0.4 0.3 600 10533 3 rbim_L20_lzz0.30_P0.4_s3
20 0.4 0.3 600 10534 4 rbim_L20_lzz0.30_P0.4_s4
20 0.4 0.3 600 10535 5 rbim_L20_lzz0.30_P0.4_s5
20 0.4 0.3 600 10536 6 rbim_L20_lzz0.30_P0.4_s6
20 0.4 0.3 600 10537 7 rbim_L20_lzz0.30_P0.4_s7
20 0.4 0.3 600 10538 8 rbim_L20_lzz0.30_P0.4_s8
20 0.4 0.3 600 10539 9 rbim_L20_lzz0.30_P0.4_s9
20 0.4 0.3 600 10540 10 rbim_L20_lzz0.30_P0.4_s10
20 0.4 0.5 600 10541 1 rbim_L20_lzz0.50_P0.4_s1
20 0.4 0.5 600 10542 2 rbim_L20_lzz0.50_P0.4_s2
20 0.4 0.5 600 10543 3 rbim_L20_lzz0.50_P0.4_s3
20 0.4 0.5 600 10544 4 rbim_L20_lzz0.50_P0.4_s4
20 0.4 0.5 600 10545 5 rbim_L20_lzz0.50_P0.4_s5
20 0.4 0.5 600 10546 6 rbim_L20_lzz0.50_P0.4_s6
20 0.4 0.5 600 10547 7 rbim_L20_lzz0.50_P0.4_s7
20 0.4 0.5 600 10548 8 rbim_L20_lzz0.50_P0.4_s8
20 0.4 0.5 600 10549 9 rbim_L20_lzz0.50_P0.4_s9
20 0.4 0.5 600 10550 10 rbim_L20_lzz0.50_P0.4_s10
20 0.4 0.7 600 10551 1 rbim_L20_lzz0.70_P0.4_s1
20 0.4 0.7 600 10552 2 rbim_L20_lzz0.70_P0.4_s2
20 0.4 0.7 600 10553 3 rbim_L20_lzz0.70_P0.4_s3
20 0.4 0.7 600 10554 4 rbim_L20_lzz0.70_P0.4_s4
20 0.4 0.7 600 10555 5 rbim_L20_lzz0.70_P0.4_s5
20 0.4 0.7 600 10556 6 rbim_L20_lzz0.70_P0.4_s6
20 0.4 0.7 600 10557 7 rbim_L20_lzz0.70_P0.4_s7
20 0.4 0.7 600 10558 8 rbim_L20_lzz0.70_P0.4_s8
20 0.4 0.7 600 10559 9 rbim_L20_lzz0.70_P0.4_s9
20 0.4 0.7 600 10560 10 rbim_L20_lzz0.70_P0.4_s10
8 0.5 0.3 600 10561 1 rbim_L8_lzz0.30_P0.5_s1
8 0.5 0.3 600 10562 2 rbim_L8_lzz0.30_P0.5_s2
8 0.5 0.3 600 10563 3 rbim_L8_lzz0.30_P0.5_s3
8 0.5 0.3 600 10564 4 rbim_L8_lzz0.30_P0.5_s4
8 0.5 0.3 600 10565 5 rbim_L8_lzz0.30_P0.5_s5
8 0.5 0.3 600 10566 6 rbim_L8_lzz0.30_P0.5_s6
8 0.5 0.3 600 10567 7 rbim_L8_lzz0.30_P0.5_s7
8 0.5 0.3 600 10568 8 rbim_L8_lzz0.30_P0.5_s8
8 0.5 0.3 600 10569 9 rbim_L8_lzz0.30_P0.5_s9
8 0.5 0.3 600 10570 10 rbim_L8_lzz0.30_P0.5_s10
8 0.5 0.5 600 10571 1 rbim_L8_lzz0.50_P0.5_s1
8 0.5 0.5 600 10572 2 rbim_L8_lzz0.50_P0.5_s2
8 0.5 0.5 600 10573 3 rbim_L8_lzz0.50_P0.5_s3
8 0.5 0.5 600 10574 4 rbim_L8_lzz0.50_P0.5_s4
8 0.5 0.5 600 10575 5 rbim_L8_lzz0.50_P0.5_s5
8 0.5 0.5 600 10576 6 rbim_L8_lzz0.50_P0.5_s6
8 0.5 0.5 600 10577 7 rbim_L8_lzz0.50_P0.5_s7
8 0.5 0.5 600 10578 8 rbim_L8_lzz0.50_P0.5_s8
8 0.5 0.5 600 10579 9 rbim_L8_lzz0.50_P0.5_s9
8 0.5 0.5 600 10580 10 rbim_L8_lzz0.50_P0.5_s10
8 0.5 0.7 600 10581 1 rbim_L8_lzz0.70_P0.5_s1
8 0.5 0.7 600 10582 2 rbim_L8_lzz0.70_P0.5_s2
8 0.5 0.7 600 10583 3 rbim_L8_lzz0.70_P0.5_s3
8 0.5 0.7 600 10584 4 rbim_L8_lzz0.70_P0.5_s4
8 0.5 0.7 600 10585 5 rbim_L8_lzz0.70_P0.5_s5
8 0.5 0.7 600 10586 6 rbim_L8_lzz0.70_P0.5_s6
8 0.5 0.7 600 10587 7 rbim_L8_lzz0.70_P0.5_s7
8 0.5 0.7 600 10588 8 rbim_L8_lzz0.70_P0.5_s8
8 0.5 0.7 600 10589 9 rbim_L8_lzz0.70_P0.5_s9
8 0.5 0.7 600 10590 10 rbim_L8_lzz0.70_P0.5_s10
12 0.5 0.3 600 10591 1 rbim_L12_lzz0.30_P0.5_s1
12 0.5 0.3 600 10592 2 rbim_L12_lzz0.30_P0.5_s2
12 0.5 0.3 600 10593 3 rbim_L12_lzz0.30_P0.5_s3
12 0.5 0.3 600 10594 4 rbim_L12_lzz0.30_P0.5_s4
12 0.5 0.3 600 10595 5 rbim_L12_lzz0.30_P0.5_s5
12 0.5 0.3 600 10596 6 rbim_L12_lzz0.30_P0.5_s6
12 0.5 0.3 600 10597 7 rbim_L12_lzz0.30_P0.5_s7
12 0.5 0.3 600 10598 8 rbim_L12_lzz0.30_P0.5_s8
12 0.5 0.3 600 10599 9 rbim_L12_lzz0.30_P0.5_s9
12 0.5 0.3 600 10600 10 rbim_L12_lzz0.30_P0.5_s10
12 0.5 0.5 600 10601 1 rbim_L12_lzz0.50_P0.5_s1
12 0.5 0.5 600 10602 2 rbim_L12_lzz0.50_P0.5_s2
12 0.5 0.5 600 10603 3 rbim_L12_lzz0.50_P0.5_s3
12 0.5 0.5 600 10604 4 rbim_L12_lzz0.50_P0.5_s4
12 0.5 0.5 600 10605 5 rbim_L12_lzz0.50_P0.5_s5
12 0.5 0.5 600 10606 6 rbim_L12_lzz0.50_P0.5_s6
12 0.5 0.5 600 10607 7 rbim_L12_lzz0.50_P0.5_s7
12 0.5 0.5 600 10608 8 rbim_L12_lzz0.50_P0.5_s8
12 0.5 0.5 600 10609 9 rbim_L12_lzz0.50_P0.5_s9
12 0.5 0.5 600 10610 10 rbim_L12_lzz0.50_P0.5_s10
12 0.5 0.7 600 10611 1 rbim_L12_lzz0.70_P0.5_s1
12 0.5 0.7 600 10612 2 rbim_L12_lzz0.70_P0.5_s2
12 0.5 0.7 600 10613 3 rbim_L12_lzz0.70_P0.5_s3
12 0.5 0.7 600 10614 4 rbim_L12_lzz0.70_P0.5_s4
12 0.5 0.7 600 10615 5 rbim_L12_lzz0.70_P0.5_s5
12 0.5 0.7 600 10616 6 rbim_L12_lzz0.70_P0.5_s6
12 0.5 0.7 600 10617 7 rbim_L12_lzz0.70_P0.5_s7
12 0.5 0.7 600 10618 8 rbim_L12_lzz0.70_P0.5_s8
12 0.5 0.7 600 10619 9 rbim_L12_lzz0.70_P0.5_s9
12 0.5 0.7 600 10620 10 rbim_L12_lzz0.70_P0.5_s10
16 0.5 0.3 600 10621 1 rbim_L16_lzz0.30_P0.5_s1
16 0.5 0.3 600 10622 2 rbim_L16_lzz0.30_P0.5_s2
16 0.5 0.3 600 10623 3 rbim_L16_lzz0.30_P0.5_s3
16 0.5 0.3 600 10624 4 rbim_L16_lzz0.30_P0.5_s4
16 0.5 0.3 600 10625 5 rbim_L16_lzz0.30_P0.5_s5
16 0.5 0.3 600 10626 6 rbim_L16_lzz0.30_P0.5_s6
16 0.5 0.3 600 10627 7 rbim_L16_lzz0.30_P0.5_s7
16 0.5 0.3 600 10628 8 rbim_L16_lzz0.30_P0.5_s8
16 0.5 0.3 600 10629 9 rbim_L16_lzz0.30_P0.5_s9
16 0.5 0.3 600 10630 10 rbim_L16_lzz0.30_P0.5_s10
16 0.5 0.5 600 10631 1 rbim_L16_lzz0.50_P0.5_s1
16 0.5 0.5 600 10632 2 rbim_L16_lzz0.50_P0.5_s2
16 0.5 0.5 600 10633 3 rbim_L16_lzz0.50_P0.5_s3
16 0.5 0.5 600 10634 4 rbim_L16_lzz0.50_P0.5_s4
16 0.5 0.5 600 10635 5 rbim_L16_lzz0.50_P0.5_s5
16 0.5 0.5 600 10636 6 rbim_L16_lzz0.50_P0.5_s6
16 0.5 0.5 600 10637 7 rbim_L16_lzz0.50_P0.5_s7
16 0.5 0.5 600 10638 8 rbim_L16_lzz0.50_P0.5_s8
16 0.5 0.5 600 10639 9 rbim_L16_lzz0.50_P0.5_s9
16 0.5 0.5 600 10640 10 rbim_L16_lzz0.50_P0.5_s10
16 0.5 0.7 600 10641 1 rbim_L16_lzz0.70_P0.5_s1
16 0.5 0.7 600 10642 2 rbim_L16_lzz0.70_P0.5_s2
16 0.5 0.7 600 10643 3 rbim_L16_lzz0.70_P0.5_s3
16 0.5 0.7 600 10644 4 rbim_L16_lzz0.70_P0.5_s4
16 0.5 0.7 600 10645 5 rbim_L16_lzz0.70_P0.5_s5
16 0.5 0.7 600 10646 6 rbim_L16_lzz0.70_P0.5_s6
16 0.5 0.7 600 10647 7 rbim_L16_lzz0.70_P0.5_s7
16 0.5 0.7 600 10648 8 rbim_L16_lzz0.70_P0.5_s8
16 0.5 0.7 600 10649 9 rbim_L16_lzz0.70_P0.5_s9
16 0.5 0.7 600 10650 10 rbim_L16_lzz0.70_P0.5_s10
20 0.5 0.3 600 10651 1 rbim_L20_lzz0.30_P0.5_s1
20 0.5 0.3 600 10652 2 rbim_L20_lzz0.30_P0.5_s2
20 0.5 0.3 600 10653 3 rbim_L20_lzz0.30_P0.5_s3
20 0.5 0.3 600 10654 4 rbim_L20_lzz0.30_P0.5_s4
20 0.5 0.3 600 10655 5 rbim_L20_lzz0.30_P0.5_s5
20 0.5 0.3 600 10656 6 rbim_L20_lzz0.30_P0.5_s6
20 0.5 0.3 600 10657 7 rbim_L20_lzz0.30_P0.5_s7
20 0.5 0.3 600 10658 8 rbim_L20_lzz0.30_P0.5_s8
20 0.5 0.3 600 10659 9 rbim_L20_lzz0.30_P0.5_s9
20 0.5 0.3 600 10660 10 rbim_L20_lzz0.30_P0.5_s10
20 0.5 0.5 600 10661 1 rbim_L20_lzz0.50_P0.5_s1
20 0.5 0.5 600 10662 2 rbim_L20_lzz0.50_P0.5_s2
20 0.5 0.5 600 10663 3 rbim_L20_lzz0.50_P0.5_s3
20 0.5 0.5 600 10664 4 rbim_L20_lzz0.50_P0.5_s4
20 0.5 0.5 600 10665 5 rbim_L20_lzz0.50_P0.5_s5
20 0.5 0.5 600 10666 6 rbim_L20_lzz0.50_P0.5_s6
20 0.5 0.5 600 10667 7 rbim_L20_lzz0.50_P0.5_s7
20 0.5 0.5 600 10668 8 rbim_L20_lzz0.50_P0.5_s8
20 0.5 0.5 600 10669 9 rbim_L20_lzz0.50_P0.5_s9
20 0.5 0.5 600 10670 10 rbim_L20_lzz0.50_P0.5_s10
20 0.5 0.7 600 10671 1 rbim_L20_lzz0.70_P0.5_s1
20 0.5 0.7 600 10672 2 rbim_L20_lzz0.70_P0.5_s2
20 0.5 0.7 600 10673 3 rbim_L20_lzz0.70_P0.5_s3
20 0.5 0.7 600 10674 4 rbim_L20_lzz0.70_P0.5_s4
20 0.5 0.7 600 10675 5 rbim_L20_lzz0.70_P0.5_s5
20 0.5 0.7 600 10676 6 rbim_L20_lzz0.70_P0.5_s6
20 0.5 0.7 600 10677 7 rbim_L20_lzz0.70_P0.5_s7
20 0.5 0.7 600 10678 8 rbim_L20_lzz0.70_P0.5_s8
20 0.5 0.7 600 10679 9 rbim_L20_lzz0.70_P0.5_s9
20 0.5 0.7 600 10680 10 rbim_L20_lzz0.70_P0.5_s10
