8 0.2 0.1 0.9 0.1 600 3001 1 dephasing_p02_L8_lam0.10_P0.2_s1
8 0.2 0.1 0.9 0.1 600 3002 2 dephasing_p02_L8_lam0.10_P0.2_s2
8 0.2 0.1 0.9 0.1 600 3003 3 dephasing_p02_L8_lam0.10_P0.2_s3
8 0.2 0.1 0.9 0.1 600 3004 4 dephasing_p02_L8_lam0.10_P0.2_s4
8 0.2 0.1 0.9 0.1 600 3005 5 dephasing_p02_L8_lam0.10_P0.2_s5
8 0.2 0.1 0.9 0.1 600 3006 6 dephasing_p02_L8_lam0.10_P0.2_s6
8 0.2 0.1 0.9 0.1 600 3007 7 dephasing_p02_L8_lam0.10_P0.2_s7
8 0.2 0.1 0.9 0.1 600 3008 8 dephasing_p02_L8_lam0.10_P0.2_s8
8 0.2 0.1 0.9 0.1 600 3009 9 dephasing_p02_L8_lam0.10_P0.2_s9
8 0.2 0.1 0.9 0.1 600 3010 10 dephasing_p02_L8_lam0.10_P0.2_s10
8 0.2 0.2 0.8 0.2 600 3011 1 dephasing_p02_L8_lam0.20_P0.2_s1
8 0.2 0.2 0.8 0.2 600 3012 2 dephasing_p02_L8_lam0.20_P0.2_s2
8 0.2 0.2 0.8 0.2 600 3013 3 dephasing_p02_L8_lam0.20_P0.2_s3
8 0.2 0.2 0.8 0.2 600 3014 4 dephasing_p02_L8_lam0.20_P0.2_s4
8 0.2 0.2 0.8 0.2 600 3015 5 dephasing_p02_L8_lam0.20_P0.2_s5
8 0.2 0.2 0.8 0.2 600 3016 6 dephasing_p02_L8_lam0.20_P0.2_s6
8 0.2 0.2 0.8 0.2 600 3017 7 dephasing_p02_L8_lam0.20_P0.2_s7
8 0.2 0.2 0.8 0.2 600 3018 8 dephasing_p02_L8_lam0.20_P0.2_s8
8 0.2 0.2 0.8 0.2 600 3019 9 dephasing_p02_L8_lam0.20_P0.2_s9
8 0.2 0.2 0.8 0.2 600 3020 10 dephasing_p02_L8_lam0.20_P0.2_s10
8 0.2 0.3 0.7 0.3 600 3021 1 dephasing_p02_L8_lam0.30_P0.2_s1
8 0.2 0.3 0.7 0.3 600 3022 2 dephasing_p02_L8_lam0.30_P0.2_s2
8 0.2 0.3 0.7 0.3 600 3023 3 dephasing_p02_L8_lam0.30_P0.2_s3
8 0.2 0.3 0.7 0.3 600 3024 4 dephasing_p02_L8_lam0.30_P0.2_s4
8 0.2 0.3 0.7 0.3 600 3025 5 dephasing_p02_L8_lam0.30_P0.2_s5
8 0.2 0.3 0.7 0.3 600 3026 6 dephasing_p02_L8_lam0.30_P0.2_s6
8 0.2 0.3 0.7 0.3 600 3027 7 dephasing_p02_L8_lam0.30_P0.2_s7
8 0.2 0.3 0.7 0.3 600 3028 8 dephasing_p02_L8_lam0.30_P0.2_s8
8 0.2 0.3 0.7 0.3 600 3029 9 dephasing_p02_L8_lam0.30_P0.2_s9
8 0.2 0.3 0.7 0.3 600 3030 10 dephasing_p02_L8_lam0.30_P0.2_s10
8 0.2 0.4 0.6 0.4 600 3031 1 dephasing_p02_L8_lam0.40_P0.2_s1
8 0.2 0.4 0.6 0.4 600 3032 2 dephasing_p02_L8_lam0.40_P0.2_s2
8 0.2 0.4 0.6 0.4 600 3033 3 dephasing_p02_L8_lam0.40_P0.2_s3
8 0.2 0.4 0.6 0.4 600 3034 4 dephasing_p02_L8_lam0.40_P0.2_s4
8 0.2 0.4 0.6 0.4 600 3035 5 dephasing_p02_L8_lam0.40_P0.2_s5
8 0.2 0.4 0.6 0.4 600 3036 6 dephasing_p02_L8_lam0.40_P0.2_s6
8 0.2 0.4 0.6 0.4 600 3037 7 dephasing_p02_L8_lam0.40_P0.2_s7
8 0.2 0.4 0.6 0.4 600 3038 8 dephasing_p02_L8_lam0.40_P0.2_s8
8 0.2 0.4 0.6 0.4 600 3039 9 dephasing_p02_L8_lam0.40_P0.2_s9
8 0.2 0.4 0.6 0.4 600 3040 10 dephasing_p02_L8_lam0.40_P0.2_s10
8 0.2 0.45 0.55 0.45 600 3041 1 dephasing_p02_L8_lam0.45_P0.2_s1
8 0.2 0.45 0.55 0.45 600 3042 2 dephasing_p02_L8_lam0.45_P0.2_s2
8 0.2 0.45 0.55 0.45 600 3043 3 dephasing_p02_L8_lam0.45_P0.2_s3
8 0.2 0.45 0.55 0.45 600 3044 4 dephasing_p02_L8_lam0.45_P0.2_s4
8 0.2 0.45 0.55 0.45 600 3045 5 dephasing_p02_L8_lam0.45_P0.2_s5
8 0.2 0.45 0.55 0.45 600 3046 6 dephasing_p02_L8_lam0.45_P0.2_s6
8 0.2 0.45 0.55 0.45 600 3047 7 dephasing_p02_L8_lam0.45_P0.2_s7
8 0.2 0.45 0.55 0.45 600 3048 8 dephasing_p02_L8_lam0.45_P0.2_s8
8 0.2 0.45 0.55 0.45 600 3049 9 dephasing_p02_L8_lam0.45_P0.2_s9
8 0.2 0.45 0.55 0.45 600 3050 10 dephasing_p02_L8_lam0.45_P0.2_s10
8 0.2 0.48 0.52 0.48 600 3051 1 dephasing_p02_L8_lam0.48_P0.2_s1
8 0.2 0.48 0.52 0.48 600 3052 2 dephasing_p02_L8_lam0.48_P0.2_s2
8 0.2 0.48 0.52 0.48 600 3053 3 dephasing_p02_L8_lam0.48_P0.2_s3
8 0.2 0.48 0.52 0.48 600 3054 4 dephasing_p02_L8_lam0.48_P0.2_s4
8 0.2 0.48 0.52 0.48 600 3055 5 dephasing_p02_L8_lam0.48_P0.2_s5
8 0.2 0.48 0.52 0.48 600 3056 6 dephasing_p02_L8_lam0.48_P0.2_s6
8 0.2 0.48 0.52 0.48 600 3057 7 dephasing_p02_L8_lam0.48_P0.2_s7
8 0.2 0.48 0.52 0.48 600 3058 8 dephasing_p02_L8_lam0.48_P0.2_s8
8 0.2 0.48 0.52 0.48 600 3059 9 dephasing_p02_L8_lam0.48_P0.2_s9
8 0.2 0.48 0.52 0.48 600 3060 10 dephasing_p02_L8_lam0.48_P0.2_s10
8 0.2 0.49 0.51 0.49 600 3061 1 dephasing_p02_L8_lam0.49_P0.2_s1
8 0.2 0.49 0.51 0.49 600 3062 2 dephasing_p02_L8_lam0.49_P0.2_s2
8 0.2 0.49 0.51 0.49 600 3063 3 dephasing_p02_L8_lam0.49_P0.2_s3
8 0.2 0.49 0.51 0.49 600 3064 4 dephasing_p02_L8_lam0.49_P0.2_s4
8 0.2 0.49 0.51 0.49 600 3065 5 dephasing_p02_L8_lam0.49_P0.2_s5
8 0.2 0.49 0.51 0.49 600 3066 6 dephasing_p02_L8_lam0.49_P0.2_s6
8 0.2 0.49 0.51 0.49 600 3067 7 dephasing_p02_L8_lam0.49_P0.2_s7
8 0.2 0.49 0.51 0.49 600 3068 8 dephasing_p02_L8_lam0.49_P0.2_s8
8 0.2 0.49 0.51 0.49 600 3069 9 dephasing_p02_L8_lam0.49_P0.2_s9
8 0.2 0.49 0.51 0.49 600 3070 10 dephasing_p02_L8_lam0.49_P0.2_s10
8 0.2 0.5 0.5 0.5 600 3071 1 dephasing_p02_L8_lam0.50_P0.2_s1
8 0.2 0.5 0.5 0.5 600 3072 2 dephasing_p02_L8_lam0.50_P0.2_s2
8 0.2 0.5 0.5 0.5 600 3073 3 dephasing_p02_L8_lam0.50_P0.2_s3
8 0.2 0.5 0.5 0.5 600 3074 4 dephasing_p02_L8_lam0.50_P0.2_s4
8 0.2 0.5 0.5 0.5 600 3075 5 dephasing_p02_L8_lam0.50_P0.2_s5
8 0.2 0.5 0.5 0.5 600 3076 6 dephasing_p02_L8_lam0.50_P0.2_s6
8 0.2 0.5 0.5 0.5 600 3077 7 dephasing_p02_L8_lam0.50_P0.2_s7
8 0.2 0.5 0.5 0.5 600 3078 8 dephasing_p02_L8_lam0.50_P0.2_s8
8 0.2 0.5 0.5 0.5 600 3079 9 dephasing_p02_L8_lam0.50_P0.2_s9
8 0.2 0.5 0.5 0.5 600 3080 10 dephasing_p02_L8_lam0.50_P0.2_s10
8 0.2 0.51 0.49 0.51 600 3081 1 dephasing_p02_L8_lam0.51_P0.2_s1
8 0.2 0.51 0.49 0.51 600 3082 2 dephasing_p02_L8_lam0.51_P0.2_s2
8 0.2 0.51 0.49 0.51 600 3083 3 dephasing_p02_L8_lam0.51_P0.2_s3
8 0.2 0.51 0.49 0.51 600 3084 4 dephasing_p02_L8_lam0.51_P0.2_s4
8 0.2 0.51 0.49 0.51 600 3085 5 dephasing_p02_L8_lam0.51_P0.2_s5
8 0.2 0.51 0.49 0.51 600 3086 6 dephasing_p02_L8_lam0.51_P0.2_s6
8 0.2 0.51 0.49 0.51 600 3087 7 dephasing_p02_L8_lam0.51_P0.2_s7
8 0.2 0.51 0.49 0.51 600 3088 8 dephasing_p02_L8_lam0.51_P0.2_s8
8 0.2 0.51 0.49 0.51 600 3089 9 dephasing_p02_L8_lam0.51_P0.2_s9
8 0.2 0.51 0.49 0.51 600 3090 10 dephasing_p02_L8_lam0.51_P0.2_s10
8 0.2 0.52 0.48 0.52 600 3091 1 dephasing_p02_L8_lam0.52_P0.2_s1
8 0.2 0.52 0.48 0.52 600 3092 2 dephasing_p02_L8_lam0.52_P0.2_s2
8 0.2 0.52 0.48 0.52 600 3093 3 dephasing_p02_L8_lam0.52_P0.2_s3
8 0.2 0.52 0.48 0.52 600 3094 4 dephasing_p02_L8_lam0.52_P0.2_s4
8 0.2 0.52 0.48 0.52 600 3095 5 dephasing_p02_L8_lam0.52_P0.2_s5
8 0.2 0.52 0.48 0.52 600 3096 6 dephasing_p02_L8_lam0.52_P0.2_s6
8 0.2 0.52 0.48 0.52 600 3097 7 dephasing_p02_L8_lam0.52_P0.2_s7
8 0.2 0.52 0.48 0.52 600 3098 8 dephasing_p02_L8_lam0.52_P0.2_s8
8 0.2 0.52 0.48 0.52 600 3099 9 dephasing_p02_L8_lam0.52_P0.2_s9
8 0.2 0.52 0.48 0.52 600 3100 10 dephasing_p02_L8_lam0.52_P0.2_s10
8 0.2 0.53 0.47 0.53 600 3101 1 dephasing_p02_L8_lam0.53_P0.2_s1
8 0.2 0.53 0.47 0.53 600 3102 2 dephasing_p02_L8_lam0.53_P0.2_s2
8 0.2 0.53 0.47 0.53 600 3103 3 dephasing_p02_L8_lam0.53_P0.2_s3
8 0.2 0.53 0.47 0.53 600 3104 4 dephasing_p02_L8_lam0.53_P0.2_s4
8 0.2 0.53 0.47 0.53 600 3105 5 dephasing_p02_L8_lam0.53_P0.2_s5
8 0.2 0.53 0.47 0.53 600 3106 6 dephasing_p02_L8_lam0.53_P0.2_s6
8 0.2 0.53 0.47 0.53 600 3107 7 dephasing_p02_L8_lam0.53_P0.2_s7
8 0.2 0.53 0.47 0.53 600 3108 8 dephasing_p02_L8_lam0.53_P0.2_s8
8 0.2 0.53 0.47 0.53 600 3109 9 dephasing_p02_L8_lam0.53_P0.2_s9
8 0.2 0.53 0.47 0.53 600 3110 10 dephasing_p02_L8_lam0.53_P0.2_s10
8 0.2 0.55 0.45 0.55 600 3111 1 dephasing_p02_L8_lam0.55_P0.2_s1
8 0.2 0.55 0.45 0.55 600 3112 2 dephasing_p02_L8_lam0.55_P0.2_s2
8 0.2 0.55 0.45 0.55 600 3113 3 dephasing_p02_L8_lam0.55_P0.2_s3
8 0.2 0.55 0.45 0.55 600 3114 4 dephasing_p02_L8_lam0.55_P0.2_s4
8 0.2 0.55 0.45 0.55 600 3115 5 dephasing_p02_L8_lam0.55_P0.2_s5
8 0.2 0.55 0.45 0.55 600 3116 6 dephasing_p02_L8_lam0.55_P0.2_s6
8 0.2 0.55 0.45 0.55 600 3117 7 dephasing_p02_L8_lam0.55_P0.2_s7
8 0.2 0.55 0.45 0.55 600 3118 8 dephasing_p02_L8_lam0.55_P0.2_s8
8 0.2 0.55 0.45 0.55 600 3119 9 dephasing_p02_L8_lam0.55_P0.2_s9
8 0.2 0.55 0.45 0.55 600 3120 10 dephasing_p02_L8_lam0.55_P0.2_s10
8 0.2 0.6 0.4 0.6 600 3121 1 dephasing_p02_L8_lam0.60_P0.2_s1
8 0.2 0.6 0.4 0.6 600 3122 2 dephasing_p02_L8_lam0.60_P0.2_s2
8 0.2 0.6 0.4 0.6 600 3123 3 dephasing_p02_L8_lam0.60_P0.2_s3
8 0.2 0.6 0.4 0.6 600 3124 4 dephasing_p02_L8_lam0.60_P0.2_s4
8 0.2 0.6 0.4 0.6 600 3125 5 dephasing_p02_L8_lam0.60_P0.2_s5
8 0.2 0.6 0.4 0.6 600 3126 6 dephasing_p02_L8_lam0.60_P0.2_s6
8 0.2 0.6 0.4 0.6 600 3127 7 dephasing_p02_L8_lam0.60_P0.2_s7
8 0.2 0.6 0.4 0.6 600 3128 8 dephasing_p02_L8_lam0.60_P0.2_s8
8 0.2 0.6 0.4 0.6 600 3129 9 dephasing_p02_L8_lam0.60_P0.2_s9
8 0.2 0.6 0.4 0.6 600 3130 10 dephasing_p02_L8_lam0.60_P0.2_s10
8 0.2 0.7 0.3 0.7 600 3131 1 dephasing_p02_L8_lam0.70_P0.2_s1
8 0.2 0.7 0.3 0.7 600 3132 2 dephasing_p02_L8_lam0.70_P0.2_s2
8 0.2 0.7 0.3 0.7 600 3133 3 dephasing_p02_L8_lam0.70_P0.2_s3
8 0.2 0.7 0.3 0.7 600 3134 4 dephasing_p02_L8_lam0.70_P0.2_s4
8 0.2 0.7 0.3 0.7 600 3135 5 dephasing_p02_L8_lam0.70_P0.2_s5
8 0.2 0.7 0.3 0.7 600 3136 6 dephasing_p02_L8_lam0.70_P0.2_s6
8 0.2 0.7 0.3 0.7 600 3137 7 dephasing_p02_L8_lam0.70_P0.2_s7
8 0.2 0.7 0.3 0.7 600 3138 8 dephasing_p02_L8_lam0.70_P0.2_s8
8 0.2 0.7 0.3 0.7 600 3139 9 dephasing_p02_L8_lam0.70_P0.2_s9
8 0.2 0.7 0.3 0.7 600 3140 10 dephasing_p02_L8_lam0.70_P0.2_s10
8 0.2 0.8 0.2 0.8 600 3141 1 dephasing_p02_L8_lam0.80_P0.2_s1
8 0.2 0.8 0.2 0.8 600 3142 2 dephasing_p02_L8_lam0.80_P0.2_s2
8 0.2 0.8 0.2 0.8 600 3143 3 dephasing_p02_L8_lam0.80_P0.2_s3
8 0.2 0.8 0.2 0.8 600 3144 4 dephasing_p02_L8_lam0.80_P0.2_s4
8 0.2 0.8 0.2 0.8 600 3145 5 dephasing_p02_L8_lam0.80_P0.2_s5
8 0.2 0.8 0.2 0.8 600 3146 6 dephasing_p02_L8_lam0.80_P0.2_s6
8 0.2 0.8 0.2 0.8 600 3147 7 dephasing_p02_L8_lam0.80_P0.2_s7
8 0.2 0.8 0.2 0.8 600 3148 8 dephasing_p02_L8_lam0.80_P0.2_s8
8 0.2 0.8 0.2 0.8 600 3149 9 dephasing_p02_L8_lam0.80_P0.2_s9
8 0.2 0.8 0.2 0.8 600 3150 10 dephasing_p02_L8_lam0.80_P0.2_s10
8 0.2 0.9 0.1 0.9 600 3151 1 dephasing_p02_L8_lam0.90_P0.2_s1
8 0.2 0.9 0.1 0.9 600 3152 2 dephasing_p02_L8_lam0.90_P0.2_s2
8 0.2 0.9 0.1 0.9 600 3153 3 dephasing_p02_L8_lam0.90_P0.2_s3
8 0.2 0.9 0.1 0.9 600 3154 4 dephasing_p02_L8_lam0.90_P0.2_s4
8 0.2 0.9 0.1 0.9 600 3155 5 dephasing_p02_L8_lam0.90_P0.2_s5
8 0.2 0.9 0.1 0.9 600 3156 6 dephasing_p02_L8_lam0.90_P0.2_s6
8 0.2 0.9 0.1 0.9 600 3157 7 dephasing_p02_L8_lam0.90_P0.2_s7
8 0.2 0.9 0.1 0.9 600 3158 8 dephasing_p02_L8_lam0.90_P0.2_s8
8 0.2 0.9 0.1 0.9 600 3159 9 dephasing_p02_L8_lam0.90_P0.2_s9
8 0.2 0.9 0.1 0.9 600 3160 10 dephasing_p02_L8_lam0.90_P0.2_s10
8 0.2 0.95 0.05 0.95 600 3161 1 dephasing_p02_L8_lam0.95_P0.2_s1
8 0.2 0.95 0.05 0.95 600 3162 2 dephasing_p02_L8_lam0.95_P0.2_s2
8 0.2 0.95 0.05 0.95 600 3163 3 dephasing_p02_L8_lam0.95_P0.2_s3
8 0.2 0.95 0.05 0.95 600 3164 4 dephasing_p02_L8_lam0.95_P0.2_s4
8 0.2 0.95 0.05 0.95 600 3165 5 dephasing_p02_L8_lam0.95_P0.2_s5
8 0.2 0.95 0.05 0.95 600 3166 6 dephasing_p02_L8_lam0.95_P0.2_s6
8 0.2 0.95 0.05 0.95 600 3167 7 dephasing_p02_L8_lam0.95_P0.2_s7
8 0.2 0.95 0.05 0.95 600 3168 8 dephasing_p02_L8_lam0.95_P0.2_s8
8 0.2 0.95 0.05 0.95 600 3169 9 dephasing_p02_L8_lam0.95_P0.2_s9
8 0.2 0.95 0.05 0.95 600 3170 10 dephasing_p02_L8_lam0.95_P0.2_s10
12 0.2 0.1 0.9 0.1 600 3171 1 dephasing_p02_L12_lam0.10_P0.2_s1
12 0.2 0.1 0.9 0.1 600 3172 2 dephasing_p02_L12_lam0.10_P0.2_s2
12 0.2 0.1 0.9 0.1 600 3173 3 dephasing_p02_L12_lam0.10_P0.2_s3
12 0.2 0.1 0.9 0.1 600 3174 4 dephasing_p02_L12_lam0.10_P0.2_s4
12 0.2 0.1 0.9 0.1 600 3175 5 dephasing_p02_L12_lam0.10_P0.2_s5
12 0.2 0.1 0.9 0.1 600 3176 6 dephasing_p02_L12_lam0.10_P0.2_s6
12 0.2 0.1 0.9 0.1 600 3177 7 dephasing_p02_L12_lam0.10_P0.2_s7
12 0.2 0.1 0.9 0.1 600 3178 8 dephasing_p02_L12_lam0.10_P0.2_s8
12 0.2 0.1 0.9 0.1 600 3179 9 dephasing_p02_L12_lam0.10_P0.2_s9
12 0.2 0.1 0.9 0.1 600 3180 10 dephasing_p02_L12_lam0.10_P0.2_s10
12 0.2 0.2 0.8 0.2 600 3181 1 dephasing_p02_L12_lam0.20_P0.2_s1
12 0.2 0.2 0.8 0.2 600 3182 2 dephasing_p02_L12_lam0.20_P0.2_s2
12 0.2 0.2 0.8 0.2 600 3183 3 dephasing_p02_L12_lam0.20_P0.2_s3
12 0.2 0.2 0.8 0.2 600 3184 4 dephasing_p02_L12_lam0.20_P0.2_s4
12 0.2 0.2 0.8 0.2 600 3185 5 dephasing_p02_L12_lam0.20_P0.2_s5
12 0.2 0.2 0.8 0.2 600 3186 6 dephasing_p02_L12_lam0.20_P0.2_s6
12 0.2 0.2 0.8 0.2 600 3187 7 dephasing_p02_L12_lam0.20_P0.2_s7
12 0.2 0.2 0.8 0.2 600 3188 8 dephasing_p02_L12_lam0.20_P0.2_s8
12 0.2 0.2 0.8 0.2 600 3189 9 dephasing_p02_L12_lam0.20_P0.2_s9
12 0.2 0.2 0.8 0.2 600 3190 10 dephasing_p02_L12_lam0.20_P0.2_s10
12 0.2 0.3 0.7 0.3 600 3191 1 dephasing_p02_L12_lam0.30_P0.2_s1
12 0.2 0.3 0.7 0.3 600 3192 2 dephasing_p02_L12_lam0.30_P0.2_s2
12 0.2 0.3 0.7 0.3 600 3193 3 dephasing_p02_L12_lam0.30_P0.2_s3
12 0.2 0.3 0.7 0.3 600 3194 4 dephasing_p02_L12_lam0.30_P0.2_s4
12 0.2 0.3 0.7 0.3 600 3195 5 dephasing_p02_L12_lam0.30_P0.2_s5
12 0.2 0.3 0.7 0.3 600 3196 6 dephasing_p02_L12_lam0.30_P0.2_s6
12 0.2 0.3 0.7 0.3 600 3197 7 dephasing_p02_L12_lam0.30_P0.2_s7
12 0.2 0.3 0.7 0.3 600 3198 8 dephasing_p02_L12_lam0.30_P0.2_s8
12 0.2 0.3 0.7 0.3 600 3199 9 dephasing_p02_L12_lam0.30_P0.2_s9
12 0.2 0.3 0.7 0.3 600 3200 10 dephasing_p02_L12_lam0.30_P0.2_s10
12 0.2 0.4 0.6 0.4 600 3201 1 dephasing_p02_L12_lam0.40_P0.2_s1
12 0.2 0.4 0.6 0.4 600 3202 2 dephasing_p02_L12_lam0.40_P0.2_s2
12 0.2 0.4 0.6 0.4 600 3203 3 dephasing_p02_L12_lam0.40_P0.2_s3
12 0.2 0.4 0.6 0.4 600 3204 4 dephasing_p02_L12_lam0.40_P0.2_s4
12 0.2 0.4 0.6 0.4 600 3205 5 dephasing_p02_L12_lam0.40_P0.2_s5
12 0.2 0.4 0.6 0.4 600 3206 6 dephasing_p02_L12_lam0.40_P0.2_s6
12 0.2 0.4 0.6 0.4 600 3207 7 dephasing_p02_L12_lam0.40_P0.2_s7
12 0.2 0.4 0.6 0.4 600 3208 8 dephasing_p02_L12_lam0.40_P0.2_s8
12 0.2 0.4 0.6 0.4 600 3209 9 dephasing_p02_L12_lam0.40_P0.2_s9
12 0.2 0.4 0.6 0.4 600 3210 10 dephasing_p02_L12_lam0.40_P0.2_s10
12 0.2 0.45 0.55 0.45 600 3211 1 dephasing_p02_L12_lam0.45_P0.2_s1
12 0.2 0.45 0.55 0.45 600 3212 2 dephasing_p02_L12_lam0.45_P0.2_s2
12 0.2 0.45 0.55 0.45 600 3213 3 dephasing_p02_L12_lam0.45_P0.2_s3
12 0.2 0.45 0.55 0.45 600 3214 4 dephasing_p02_L12_lam0.45_P0.2_s4
12 0.2 0.45 0.55 0.45 600 3215 5 dephasing_p02_L12_lam0.45_P0.2_s5
12 0.2 0.45 0.55 0.45 600 3216 6 dephasing_p02_L12_lam0.45_P0.2_s6
12 0.2 0.45 0.55 0.45 600 3217 7 dephasing_p02_L12_lam0.45_P0.2_s7
12 0.2 0.45 0.55 0.45 600 3218 8 dephasing_p02_L12_lam0.45_P0.2_s8
12 0.2 0.45 0.55 0.45 600 3219 9 dephasing_p02_L12_lam0.45_P0.2_s9
12 0.2 0.45 0.55 0.45 600 3220 10 dephasing_p02_L12_lam0.45_P0.2_s10
12 0.2 0.48 0.52 0.48 600 3221 1 dephasing_p02_L12_lam0.48_P0.2_s1
12 0.2 0.48 0.52 0.48 600 3222 2 dephasing_p02_L12_lam0.48_P0.2_s2
12 0.2 0.48 0.52 0.48 600 3223 3 dephasing_p02_L12_lam0.48_P0.2_s3
12 0.2 0.48 0.52 0.48 600 3224 4 dephasing_p02_L12_lam0.48_P0.2_s4
12 0.2 0.48 0.52 0.48 600 3225 5 dephasing_p02_L12_lam0.48_P0.2_s5
12 0.2 0.48 0.52 0.48 600 3226 6 dephasing_p02_L12_lam0.48_P0.2_s6
12 0.2 0.48 0.52 0.48 600 3227 7 dephasing_p02_L12_lam0.48_P0.2_s7
12 0.2 0.48 0.52 0.48 600 3228 8 dephasing_p02_L12_lam0.48_P0.2_s8
12 0.2 0.48 0.52 0.48 600 3229 9 dephasing_p02_L12_lam0.48_P0.2_s9
12 0.2 0.48 0.52 0.48 600 3230 10 dephasing_p02_L12_lam0.48_P0.2_s10
12 0.2 0.49 0.51 0.49 600 3231 1 dephasing_p02_L12_lam0.49_P0.2_s1
12 0.2 0.49 0.51 0.49 600 3232 2 dephasing_p02_L12_lam0.49_P0.2_s2
12 0.2 0.49 0.51 0.49 600 3233 3 dephasing_p02_L12_lam0.49_P0.2_s3
12 0.2 0.49 0.51 0.49 600 3234 4 dephasing_p02_L12_lam0.49_P0.2_s4
12 0.2 0.49 0.51 0.49 600 3235 5 dephasing_p02_L12_lam0.49_P0.2_s5
12 0.2 0.49 0.51 0.49 600 3236 6 dephasing_p02_L12_lam0.49_P0.2_s6
12 0.2 0.49 0.51 0.49 600 3237 7 dephasing_p02_L12_lam0.49_P0.2_s7
12 0.2 0.49 0.51 0.49 600 3238 8 dephasing_p02_L12_lam0.49_P0.2_s8
12 0.2 0.49 0.51 0.49 600 3239 9 dephasing_p02_L12_lam0.49_P0.2_s9
12 0.2 0.49 0.51 0.49 600 3240 10 dephasing_p02_L12_lam0.49_P0.2_s10
12 0.2 0.5 0.5 0.5 600 3241 1 dephasing_p02_L12_lam0.50_P0.2_s1
12 0.2 0.5 0.5 0.5 600 3242 2 dephasing_p02_L12_lam0.50_P0.2_s2
12 0.2 0.5 0.5 0.5 600 3243 3 dephasing_p02_L12_lam0.50_P0.2_s3
12 0.2 0.5 0.5 0.5 600 3244 4 dephasing_p02_L12_lam0.50_P0.2_s4
12 0.2 0.5 0.5 0.5 600 3245 5 dephasing_p02_L12_lam0.50_P0.2_s5
12 0.2 0.5 0.5 0.5 600 3246 6 dephasing_p02_L12_lam0.50_P0.2_s6
12 0.2 0.5 0.5 0.5 600 3247 7 dephasing_p02_L12_lam0.50_P0.2_s7
12 0.2 0.5 0.5 0.5 600 3248 8 dephasing_p02_L12_lam0.50_P0.2_s8
12 0.2 0.5 0.5 0.5 600 3249 9 dephasing_p02_L12_lam0.50_P0.2_s9
12 0.2 0.5 0.5 0.5 600 3250 10 dephasing_p02_L12_lam0.50_P0.2_s10
12 0.2 0.51 0.49 0.51 600 3251 1 dephasing_p02_L12_lam0.51_P0.2_s1
12 0.2 0.51 0.49 0.51 600 3252 2 dephasing_p02_L12_lam0.51_P0.2_s2
12 0.2 0.51 0.49 0.51 600 3253 3 dephasing_p02_L12_lam0.51_P0.2_s3
12 0.2 0.51 0.49 0.51 600 3254 4 dephasing_p02_L12_lam0.51_P0.2_s4
12 0.2 0.51 0.49 0.51 600 3255 5 dephasing_p02_L12_lam0.51_P0.2_s5
12 0.2 0.51 0.49 0.51 600 3256 6 dephasing_p02_L12_lam0.51_P0.2_s6
12 0.2 0.51 0.49 0.51 600 3257 7 dephasing_p02_L12_lam0.51_P0.2_s7
12 0.2 0.51 0.49 0.51 600 3258 8 dephasing_p02_L12_lam0.51_P0.2_s8
12 0.2 0.51 0.49 0.51 600 3259 9 dephasing_p02_L12_lam0.51_P0.2_s9
12 0.2 0.51 0.49 0.51 600 3260 10 dephasing_p02_L12_lam0.51_P0.2_s10
12 0.2 0.52 0.48 0.52 600 3261 1 dephasing_p02_L12_lam0.52_P0.2_s1
12 0.2 0.52 0.48 0.52 600 3262 2 dephasing_p02_L12_lam0.52_P0.2_s2
12 0.2 0.52 0.48 0.52 600 3263 3 dephasing_p02_L12_lam0.52_P0.2_s3
12 0.2 0.52 0.48 0.52 600 3264 4 dephasing_p02_L12_lam0.52_P0.2_s4
12 0.2 0.52 0.48 0.52 600 3265 5 dephasing_p02_L12_lam0.52_P0.2_s5
12 0.2 0.52 0.48 0.52 600 3266 6 dephasing_p02_L12_lam0.52_P0.2_s6
12 0.2 0.52 0.48 0.52 600 3267 7 dephasing_p02_L12_lam0.52_P0.2_s7
12 0.2 0.52 0.48 0.52 600 3268 8 dephasing_p02_L12_lam0.52_P0.2_s8
12 0.2 0.52 0.48 0.52 600 3269 9 dephasing_p02_L12_lam0.52_P0.2_s9
12 0.2 0.52 0.48 0.52 600 3270 10 dephasing_p02_L12_lam0.52_P0.2_s10
12 0.2 0.53 0.47 0.53 600 3271 1 dephasing_p02_L12_lam0.53_P0.2_s1
12 0.2 0.53 0.47 0.53 600 3272 2 dephasing_p02_L12_lam0.53_P0.2_s2
12 0.2 0.53 0.47 0.53 600 3273 3 dephasing_p02_L12_lam0.53_P0.2_s3
12 0.2 0.53 0.47 0.53 600 3274 4 dephasing_p02_L12_lam0.53_P0.2_s4
12 0.2 0.53 0.47 0.53 600 3275 5 dephasing_p02_L12_lam0.53_P0.2_s5
12 0.2 0.53 0.47 0.53 600 3276 6 dephasing_p02_L12_lam0.53_P0.2_s6
12 0.2 0.53 0.47 0.53 600 3277 7 dephasing_p02_L12_lam0.53_P0.2_s7
12 0.2 0.53 0.47 0.53 600 3278 8 dephasing_p02_L12_lam0.53_P0.2_s8
12 0.2 0.53 0.47 0.53 600 3279 9 dephasing_p02_L12_lam0.53_P0.2_s9
12 0.2 0.53 0.47 0.53 600 3280 10 dephasing_p02_L12_lam0.53_P0.2_s10
12 0.2 0.55 0.45 0.55 600 3281 1 dephasing_p02_L12_lam0.55_P0.2_s1
12 0.2 0.55 0.45 0.55 600 3282 2 dephasing_p02_L12_lam0.55_P0.2_s2
12 0.2 0.55 0.45 0.55 600 3283 3 dephasing_p02_L12_lam0.55_P0.2_s3
12 0.2 0.55 0.45 0.55 600 3284 4 dephasing_p02_L12_lam0.55_P0.2_s4
12 0.2 0.55 0.45 0.55 600 3285 5 dephasing_p02_L12_lam0.55_P0.2_s5
12 0.2 0.55 0.45 0.55 600 3286 6 dephasing_p02_L12_lam0.55_P0.2_s6
12 0.2 0.55 0.45 0.55 600 3287 7 dephasing_p02_L12_lam0.55_P0.2_s7
12 0.2 0.55 0.45 0.55 600 3288 8 dephasing_p02_L12_lam0.55_P0.2_s8
12 0.2 0.55 0.45 0.55 600 3289 9 dephasing_p02_L12_lam0.55_P0.2_s9
12 0.2 0.55 0.45 0.55 600 3290 10 dephasing_p02_L12_lam0.55_P0.2_s10
12 0.2 0.6 0.4 0.6 600 3291 1 dephasing_p02_L12_lam0.60_P0.2_s1
12 0.2 0.6 0.4 0.6 600 3292 2 dephasing_p02_L12_lam0.60_P0.2_s2
12 0.2 0.6 0.4 0.6 600 3293 3 dephasing_p02_L12_lam0.60_P0.2_s3
12 0.2 0.6 0.4 0.6 600 3294 4 dephasing_p02_L12_lam0.60_P0.2_s4
12 0.2 0.6 0.4 0.6 600 3295 5 dephasing_p02_L12_lam0.60_P0.2_s5
12 0.2 0.6 0.4 0.6 600 3296 6 dephasing_p02_L12_lam0.60_P0.2_s6
12 0.2 0.6 0.4 0.6 600 3297 7 dephasing_p02_L12_lam0.60_P0.2_s7
12 0.2 0.6 0.4 0.6 600 3298 8 dephasing_p02_L12_lam0.60_P0.2_s8
12 0.2 0.6 0.4 0.6 600 3299 9 dephasing_p02_L12_lam0.60_P0.2_s9
12 0.2 0.6 0.4 0.6 600 3300 10 dephasing_p02_L12_lam0.60_P0.2_s10
12 0.2 0.7 0.3 0.7 600 3301 1 dephasing_p02_L12_lam0.70_P0.2_s1
12 0.2 0.7 0.3 0.7 600 3302 2 dephasing_p02_L12_lam0.70_P0.2_s2
12 0.2 0.7 0.3 0.7 600 3303 3 dephasing_p02_L12_lam0.70_P0.2_s3
12 0.2 0.7 0.3 0.7 600 3304 4 dephasing_p02_L12_lam0.70_P0.2_s4
12 0.2 0.7 0.3 0.7 600 3305 5 dephasing_p02_L12_lam0.70_P0.2_s5
12 0.2 0.7 0.3 0.7 600 3306 6 dephasing_p02_L12_lam0.70_P0.2_s6
12 0.2 0.7 0.3 0.7 600 3307 7 dephasing_p02_L12_lam0.70_P0.2_s7
12 0.2 0.7 0.3 0.7 600 3308 8 dephasing_p02_L12_lam0.70_P0.2_s8
12 0.2 0.7 0.3 0.7 600 3309 9 dephasing_p02_L12_lam0.70_P0.2_s9
12 0.2 0.7 0.3 0.7 600 3310 10 dephasing_p02_L12_lam0.70_P0.2_s10
12 0.2 0.8 0.2 0.8 600 3311 1 dephasing_p02_L12_lam0.80_P0.2_s1
12 0.2 0.8 0.2 0.8 600 3312 2 dephasing_p02_L12_lam0.80_P0.2_s2
12 0.2 0.8 0.2 0.8 600 3313 3 dephasing_p02_L12_lam0.80_P0.2_s3
12 0.2 0.8 0.2 0.8 600 3314 4 dephasing_p02_L12_lam0.80_P0.2_s4
12 0.2 0.8 0.2 0.8 600 3315 5 dephasing_p02_L12_lam0.80_P0.2_s5
12 0.2 0.8 0.2 0.8 600 3316 6 dephasing_p02_L12_lam0.80_P0.2_s6
12 0.2 0.8 0.2 0.8 600 3317 7 dephasing_p02_L12_lam0.80_P0.2_s7
12 0.2 0.8 0.2 0.8 600 3318 8 dephasing_p02_L12_lam0.80_P0.2_s8
12 0.2 0.8 0.2 0.8 600 3319 9 dephasing_p02_L12_lam0.80_P0.2_s9
12 0.2 0.8 0.2 0.8 600 3320 10 dephasing_p02_L12_lam0.80_P0.2_s10
12 0.2 0.9 0.1 0.9 600 3321 1 dephasing_p02_L12_lam0.90_P0.2_s1
12 0.2 0.9 0.1 0.9 600 3322 2 dephasing_p02_L12_lam0.90_P0.2_s2
12 0.2 0.9 0.1 0.9 600 3323 3 dephasing_p02_L12_lam0.90_P0.2_s3
12 0.2 0.9 0.1 0.9 600 3324 4 dephasing_p02_L12_lam0.90_P0.2_s4
12 0.2 0.9 0.1 0.9 600 3325 5 dephasing_p02_L12_lam0.90_P0.2_s5
12 0.2 0.9 0.1 0.9 600 3326 6 dephasing_p02_L12_lam0.90_P0.2_s6
12 0.2 0.9 0.1 0.9 600 3327 7 dephasing_p02_L12_lam0.90_P0.2_s7
12 0.2 0.9 0.1 0.9 600 3328 8 dephasing_p02_L12_lam0.90_P0.2_s8
12 0.2 0.9 0.1 0.9 600 3329 9 dephasing_p02_L12_lam0.90_P0.2_s9
12 0.2 0.9 0.1 0.9 600 3330 10 dephasing_p02_L12_lam0.90_P0.2_s10
12 0.2 0.95 0.05 0.95 600 3331 1 dephasing_p02_L12_lam0.95_P0.2_s1
12 0.2 0.95 0.05 0.95 600 3332 2 dephasing_p02_L12_lam0.95_P0.2_s2
12 0.2 0.95 0.05 0.95 600 3333 3 dephasing_p02_L12_lam0.95_P0.2_s3
12 0.2 0.95 0.05 0.95 600 3334 4 dephasing_p02_L12_lam0.95_P0.2_s4
12 0.2 0.95 0.05 0.95 600 3335 5 dephasing_p02_L12_lam0.95_P0.2_s5
12 0.2 0.95 0.05 0.95 600 3336 6 dephasing_p02_L12_lam0.95_P0.2_s6
12 0.2 0.95 0.05 0.95 600 3337 7 dephasing_p02_L12_lam0.95_P0.2_s7
12 0.2 0.95 0.05 0.95 600 3338 8 dephasing_p02_L12_lam0.95_P0.2_s8
12 0.2 0.95 0.05 0.95 600 3339 9 dephasing_p02_L12_lam0.95_P0.2_s9
12 0.2 0.95 0.05 0.95 600 3340 10 dephasing_p02_L12_lam0.95_P0.2_s10
16 0.2 0.1 0.9 0.1 600 3341 1 dephasing_p02_L16_lam0.10_P0.2_s1
16 0.2 0.1 0.9 0.1 600 3342 2 dephasing_p02_L16_lam0.10_P0.2_s2
16 0.2 0.1 0.9 0.1 600 3343 3 dephasing_p02_L16_lam0.10_P0.2_s3
16 0.2 0.1 0.9 0.1 600 3344 4 dephasing_p02_L16_lam0.10_P0.2_s4
16 0.2 0.1 0.9 0.1 600 3345 5 dephasing_p02_L16_lam0.10_P0.2_s5
16 0.2 0.1 0.9 0.1 600 3346 6 dephasing_p02_L16_lam0.10_P0.2_s6
16 0.2 0.1 0.9 0.1 600 3347 7 dephasing_p02_L16_lam0.10_P0.2_s7
16 0.2 0.1 0.9 0.1 600 3348 8 dephasing_p02_L16_lam0.10_P0.2_s8
16 0.2 0.1 0.9 0.1 600 3349 9 dephasing_p02_L16_lam0.10_P0.2_s9
16 0.2 0.1 0.9 0.1 600 3350 10 dephasing_p02_L16_lam0.10_P0.2_s10
16 0.2 0.2 0.8 0.2 600 3351 1 dephasing_p02_L16_lam0.20_P0.2_s1
16 0.2 0.2 0.8 0.2 600 3352 2 dephasing_p02_L16_lam0.20_P0.2_s2
16 0.2 0.2 0.8 0.2 600 3353 3 dephasing_p02_L16_lam0.20_P0.2_s3
16 0.2 0.2 0.8 0.2 600 3354 4 dephasing_p02_L16_lam0.20_P0.2_s4
16 0.2 0.2 0.8 0.2 600 3355 5 dephasing_p02_L16_lam0.20_P0.2_s5
16 0.2 0.2 0.8 0.2 600 3356 6 dephasing_p02_L16_lam0.20_P0.2_s6
16 0.2 0.2 0.8 0.2 600 3357 7 dephasing_p02_L16_lam0.20_P0.2_s7
16 0.2 0.2 0.8 0.2 600 3358 8 dephasing_p02_L16_lam0.20_P0.2_s8
16 0.2 0.2 0.8 0.2 600 3359 9 dephasing_p02_L16_lam0.20_P0.2_s9
16 0.2 0.2 0.8 0.2 600 3360 10 dephasing_p02_L16_lam0.20_P0.2_s10
16 0.2 0.3 0.7 0.3 600 3361 1 dephasing_p02_L16_lam0.30_P0.2_s1
16 0.2 0.3 0.7 0.3 600 3362 2 dephasing_p02_L16_lam0.30_P0.2_s2
16 0.2 0.3 0.7 0.3 600 3363 3 dephasing_p02_L16_lam0.30_P0.2_s3
16 0.2 0.3 0.7 0.3 600 3364 4 dephasing_p02_L16_lam0.30_P0.2_s4
16 0.2 0.3 0.7 0.3 600 3365 5 dephasing_p02_L16_lam0.30_P0.2_s5
16 0.2 0.3 0.7 0.3 600 3366 6 dephasing_p02_L16_lam0.30_P0.2_s6
16 0.2 0.3 0.7 0.3 600 3367 7 dephasing_p02_L16_lam0.30_P0.2_s7
16 0.2 0.3 0.7 0.3 600 3368 8 dephasing_p02_L16_lam0.30_P0.2_s8
16 0.2 0.3 0.7 0.3 600 3369 9 dephasing_p02_L16_lam0.30_P0.2_s9
16 0.2 0.3 0.7 0.3 600 3370 10 dephasing_p02_L16_lam0.30_P0.2_s10
16 0.2 0.4 0.6 0.4 600 3371 1 dephasing_p02_L16_lam0.40_P0.2_s1
16 0.2 0.4 0.6 0.4 600 3372 2 dephasing_p02_L16_lam0.40_P0.2_s2
16 0.2 0.4 0.6 0.4 600 3373 3 dephasing_p02_L16_lam0.40_P0.2_s3
16 0.2 0.4 0.6 0.4 600 3374 4 dephasing_p02_L16_lam0.40_P0.2_s4
16 0.2 0.4 0.6 0.4 600 3375 5 dephasing_p02_L16_lam0.40_P0.2_s5
16 0.2 0.4 0.6 0.4 600 3376 6 dephasing_p02_L16_lam0.40_P0.2_s6
16 0.2 0.4 0.6 0.4 600 3377 7 dephasing_p02_L16_lam0.40_P0.2_s7
16 0.2 0.4 0.6 0.4 600 3378 8 dephasing_p02_L16_lam0.40_P0.2_s8
16 0.2 0.4 0.6 0.4 600 3379 9 dephasing_p02_L16_lam0.40_P0.2_s9
16 0.2 0.4 0.6 0.4 600 3380 10 dephasing_p02_L16_lam0.40_P0.2_s10
16 0.2 0.45 0.55 0.45 600 3381 1 dephasing_p02_L16_lam0.45_P0.2_s1
16 0.2 0.45 0.55 0.45 600 3382 2 dephasing_p02_L16_lam0.45_P0.2_s2
16 0.2 0.45 0.55 0.45 600 3383 3 dephasing_p02_L16_lam0.45_P0.2_s3
16 0.2 0.45 0.55 0.45 600 3384 4 dephasing_p02_L16_lam0.45_P0.2_s4
16 0.2 0.45 0.55 0.45 600 3385 5 dephasing_p02_L16_lam0.45_P0.2_s5
16 0.2 0.45 0.55 0.45 600 3386 6 dephasing_p02_L16_lam0.45_P0.2_s6
16 0.2 0.45 0.55 0.45 600 3387 7 dephasing_p02_L16_lam0.45_P0.2_s7
16 0.2 0.45 0.55 0.45 600 3388 8 dephasing_p02_L16_lam0.45_P0.2_s8
16 0.2 0.45 0.55 0.45 600 3389 9 dephasing_p02_L16_lam0.45_P0.2_s9
16 0.2 0.45 0.55 0.45 600 3390 10 dephasing_p02_L16_lam0.45_P0.2_s10
16 0.2 0.48 0.52 0.48 600 3391 1 dephasing_p02_L16_lam0.48_P0.2_s1
16 0.2 0.48 0.52 0.48 600 3392 2 dephasing_p02_L16_lam0.48_P0.2_s2
16 0.2 0.48 0.52 0.48 600 3393 3 dephasing_p02_L16_lam0.48_P0.2_s3
16 0.2 0.48 0.52 0.48 600 3394 4 dephasing_p02_L16_lam0.48_P0.2_s4
16 0.2 0.48 0.52 0.48 600 3395 5 dephasing_p02_L16_lam0.48_P0.2_s5
16 0.2 0.48 0.52 0.48 600 3396 6 dephasing_p02_L16_lam0.48_P0.2_s6
16 0.2 0.48 0.52 0.48 600 3397 7 dephasing_p02_L16_lam0.48_P0.2_s7
16 0.2 0.48 0.52 0.48 600 3398 8 dephasing_p02_L16_lam0.48_P0.2_s8
16 0.2 0.48 0.52 0.48 600 3399 9 dephasing_p02_L16_lam0.48_P0.2_s9
16 0.2 0.48 0.52 0.48 600 3400 10 dephasing_p02_L16_lam0.48_P0.2_s10
16 0.2 0.49 0.51 0.49 600 3401 1 dephasing_p02_L16_lam0.49_P0.2_s1
16 0.2 0.49 0.51 0.49 600 3402 2 dephasing_p02_L16_lam0.49_P0.2_s2
16 0.2 0.49 0.51 0.49 600 3403 3 dephasing_p02_L16_lam0.49_P0.2_s3
16 0.2 0.49 0.51 0.49 600 3404 4 dephasing_p02_L16_lam0.49_P0.2_s4
16 0.2 0.49 0.51 0.49 600 3405 5 dephasing_p02_L16_lam0.49_P0.2_s5
16 0.2 0.49 0.51 0.49 600 3406 6 dephasing_p02_L16_lam0.49_P0.2_s6
16 0.2 0.49 0.51 0.49 600 3407 7 dephasing_p02_L16_lam0.49_P0.2_s7
16 0.2 0.49 0.51 0.49 600 3408 8 dephasing_p02_L16_lam0.49_P0.2_s8
16 0.2 0.49 0.51 0.49 600 3409 9 dephasing_p02_L16_lam0.49_P0.2_s9
16 0.2 0.49 0.51 0.49 600 3410 10 dephasing_p02_L16_lam0.49_P0.2_s10
16 0.2 0.5 0.5 0.5 600 3411 1 dephasing_p02_L16_lam0.50_P0.2_s1
16 0.2 0.5 0.5 0.5 600 3412 2 dephasing_p02_L16_lam0.50_P0.2_s2
16 0.2 0.5 0.5 0.5 600 3413 3 dephasing_p02_L16_lam0.50_P0.2_s3
16 0.2 0.5 0.5 0.5 600 3414 4 dephasing_p02_L16_lam0.50_P0.2_s4
16 0.2 0.5 0.5 0.5 600 3415 5 dephasing_p02_L16_lam0.50_P0.2_s5
16 0.2 0.5 0.5 0.5 600 3416 6 dephasing_p02_L16_lam0.50_P0.2_s6
16 0.2 0.5 0.5 0.5 600 3417 7 dephasing_p02_L16_lam0.50_P0.2_s7
16 0.2 0.5 0.5 0.5 600 3418 8 dephasing_p02_L16_lam0.50_P0.2_s8
16 0.2 0.5 0.5 0.5 600 3419 9 dephasing_p02_L16_lam0.50_P0.2_s9
16 0.2 0.5 0.5 0.5 600 3420 10 dephasing_p02_L16_lam0.50_P0.2_s10
16 0.2 0.51 0.49 0.51 600 3421 1 dephasing_p02_L16_lam0.51_P0.2_s1
16 0.2 0.51 0.49 0.51 600 3422 2 dephasing_p02_L16_lam0.51_P0.2_s2
16 0.2 0.51 0.49 0.51 600 3423 3 dephasing_p02_L16_lam0.51_P0.2_s3
16 0.2 0.51 0.49 0.51 600 3424 4 dephasing_p02_L16_lam0.51_P0.2_s4
16 0.2 0.51 0.49 0.51 600 3425 5 dephasing_p02_L16_lam0.51_P0.2_s5
16 0.2 0.51 0.49 0.51 600 3426 6 dephasing_p02_L16_lam0.51_P0.2_s6
16 0.2 0.51 0.49 0.51 600 3427 7 dephasing_p02_L16_lam0.51_P0.2_s7
16 0.2 0.51 0.49 0.51 600 3428 8 dephasing_p02_L16_lam0.51_P0.2_s8
16 0.2 0.51 0.49 0.51 600 3429 9 dephasing_p02_L16_lam0.51_P0.2_s9
16 0.2 0.51 0.49 0.51 600 3430 10 dephasing_p02_L16_lam0.51_P0.2_s10
16 0.2 0.52 0.48 0.52 600 3431 1 dephasing_p02_L16_lam0.52_P0.2_s1
16 0.2 0.52 0.48 0.52 600 3432 2 dephasing_p02_L16_lam0.52_P0.2_s2
16 0.2 0.52 0.48 0.52 600 3433 3 dephasing_p02_L16_lam0.52_P0.2_s3
16 0.2 0.52 0.48 0.52 600 3434 4 dephasing_p02_L16_lam0.52_P0.2_s4
16 0.2 0.52 0.48 0.52 600 3435 5 dephasing_p02_L16_lam0.52_P0.2_s5
16 0.2 0.52 0.48 0.52 600 3436 6 dephasing_p02_L16_lam0.52_P0.2_s6
16 0.2 0.52 0.48 0.52 600 3437 7 dephasing_p02_L16_lam0.52_P0.2_s7
16 0.2 0.52 0.48 0.52 600 3438 8 dephasing_p02_L16_lam0.52_P0.2_s8
16 0.2 0.52 0.48 0.52 600 3439 9 dephasing_p02_L16_lam0.52_P0.2_s9
16 0.2 0.52 0.48 0.52 600 3440 10 dephasing_p02_L16_lam0.52_P0.2_s10
16 0.2 0.53 0.47 0.53 600 3441 1 dephasing_p02_L16_lam0.53_P0.2_s1
16 0.2 0.53 0.47 0.53 600 3442 2 dephasing_p02_L16_lam0.53_P0.2_s2
16 0.2 0.53 0.47 0.53 600 3443 3 dephasing_p02_L16_lam0.53_P0.2_s3
16 0.2 0.53 0.47 0.53 600 3444 4 dephasing_p02_L16_lam0.53_P0.2_s4
16 0.2 0.53 0.47 0.53 600 3445 5 dephasing_p02_L16_lam0.53_P0.2_s5
16 0.2 0.53 0.47 0.53 600 3446 6 dephasing_p02_L16_lam0.53_P0.2_s6
16 0.2 0.53 0.47 0.53 600 3447 7 dephasing_p02_L16_lam0.53_P0.2_s7
16 0.2 0.53 0.47 0.53 600 3448 8 dephasing_p02_L16_lam0.53_P0.2_s8
16 0.2 0.53 0.47 0.53 600 3449 9 dephasing_p02_L16_lam0.53_P0.2_s9
16 0.2 0.53 0.47 0.53 600 3450 10 dephasing_p02_L16_lam0.53_P0.2_s10
16 0.2 0.55 0.45 0.55 600 3451 1 dephasing_p02_L16_lam0.55_P0.2_s1
16 0.2 0.55 0.45 0.55 600 3452 2 dephasing_p02_L16_lam0.55_P0.2_s2
16 0.2 0.55 0.45 0.55 600 3453 3 dephasing_p02_L16_lam0.55_P0.2_s3
16 0.2 0.55 0.45 0.55 600 3454 4 dephasing_p02_L16_lam0.55_P0.2_s4
16 0.2 0.55 0.45 0.55 600 3455 5 dephasing_p02_L16_lam0.55_P0.2_s5
16 0.2 0.55 0.45 0.55 600 3456 6 dephasing_p02_L16_lam0.55_P0.2_s6
16 0.2 0.55 0.45 0.55 600 3457 7 dephasing_p02_L16_lam0.55_P0.2_s7
16 0.2 0.55 0.45 0.55 600 3458 8 dephasing_p02_L16_lam0.55_P0.2_s8
16 0.2 0.55 0.45 0.55 600 3459 9 dephasing_p02_L16_lam0.55_P0.2_s9
16 0.2 0.55 0.45 0.55 600 3460 10 dephasing_p02_L16_lam0.55_P0.2_s10
16 0.2 0.6 0.4 0.6 600 3461 1 dephasing_p02_L16_lam0.60_P0.2_s1
16 0.2 0.6 0.4 0.6 600 3462 2 dephasing_p02_L16_lam0.60_P0.2_s2
16 0.2 0.6 0.4 0.6 600 3463 3 dephasing_p02_L16_lam0.60_P0.2_s3
16 0.2 0.6 0.4 0.6 600 3464 4 dephasing_p02_L16_lam0.60_P0.2_s4
16 0.2 0.6 0.4 0.6 600 3465 5 dephasing_p02_L16_lam0.60_P0.2_s5
16 0.2 0.6 0.4 0.6 600 3466 6 dephasing_p02_L16_lam0.60_P0.2_s6
16 0.2 0.6 0.4 0.6 600 3467 7 dephasing_p02_L16_lam0.60_P0.2_s7
16 0.2 0.6 0.4 0.6 600 3468 8 dephasing_p02_L16_lam0.60_P0.2_s8
16 0.2 0.6 0.4 0.6 600 3469 9 dephasing_p02_L16_lam0.60_P0.2_s9
16 0.2 0.6 0.4 0.6 600 3470 10 dephasing_p02_L16_lam0.60_P0.2_s10
16 0.2 0.7 0.3 0.7 600 3471 1 dephasing_p02_L16_lam0.70_P0.2_s1
16 0.2 0.7 0.3 0.7 600 3472 2 dephasing_p02_L16_lam0.70_P0.2_s2
16 0.2 0.7 0.3 0.7 600 3473 3 dephasing_p02_L16_lam0.70_P0.2_s3
16 0.2 0.7 0.3 0.7 600 3474 4 dephasing_p02_L16_lam0.70_P0.2_s4
16 0.2 0.7 0.3 0.7 600 3475 5 dephasing_p02_L16_lam0.70_P0.2_s5
16 0.2 0.7 0.3 0.7 600 3476 6 dephasing_p02_L16_lam0.70_P0.2_s6
16 0.2 0.7 0.3 0.7 600 3477 7 dephasing_p02_L16_lam0.70_P0.2_s7
16 0.2 0.7 0.3 0.7 600 3478 8 dephasing_p02_L16_lam0.70_P0.2_s8
16 0.2 0.7 0.3 0.7 600 3479 9 dephasing_p02_L16_lam0.70_P0.2_s9
16 0.2 0.7 0.3 0.7 600 3480 10 dephasing_p02_L16_lam0.70_P0.2_s10
16 0.2 0.8 0.2 0.8 600 3481 1 dephasing_p02_L16_lam0.80_P0.2_s1
16 0.2 0.8 0.2 0.8 600 3482 2 dephasing_p02_L16_lam0.80_P0.2_s2
16 0.2 0.8 0.2 0.8 600 3483 3 dephasing_p02_L16_lam0.80_P0.2_s3
16 0.2 0.8 0.2 0.8 600 3484 4 dephasing_p02_L16_lam0.80_P0.2_s4
16 0.2 0.8 0.2 0.8 600 3485 5 dephasing_p02_L16_lam0.80_P0.2_s5
16 0.2 0.8 0.2 0.8 600 3486 6 dephasing_p02_L16_lam0.80_P0.2_s6
16 0.2 0.8 0.2 0.8 600 3487 7 dephasing_p02_L16_lam0.80_P0.2_s7
16 0.2 0.8 0.2 0.8 600 3488 8 dephasing_p02_L16_lam0.80_P0.2_s8
16 0.2 0.8 0.2 0.8 600 3489 9 dephasing_p02_L16_lam0.80_P0.2_s9
16 0.2 0.8 0.2 0.8 600 3490 10 dephasing_p02_L16_lam0.80_P0.2_s10
16 0.2 0.9 0.1 0.9 600 3491 1 dephasing_p02_L16_lam0.90_P0.2_s1
16 0.2 0.9 0.1 0.9 600 3492 2 dephasing_p02_L16_lam0.90_P0.2_s2
16 0.2 0.9 0.1 0.9 600 3493 3 dephasing_p02_L16_lam0.90_P0.2_s3
16 0.2 0.9 0.1 0.9 600 3494 4 dephasing_p02_L16_lam0.90_P0.2_s4
16 0.2 0.9 0.1 0.9 600 3495 5 dephasing_p02_L16_lam0.90_P0.2_s5
16 0.2 0.9 0.1 0.9 600 3496 6 dephasing_p02_L16_lam0.90_P0.2_s6
16 0.2 0.9 0.1 0.9 600 3497 7 dephasing_p02_L16_lam0.90_P0.2_s7
16 0.2 0.9 0.1 0.9 600 3498 8 dephasing_p02_L16_lam0.90_P0.2_s8
16 0.2 0.9 0.1 0.9 600 3499 9 dephasing_p02_L16_lam0.90_P0.2_s9
16 0.2 0.9 0.1 0.9 600 3500 10 dephasing_p02_L16_lam0.90_P0.2_s10
16 0.2 0.95 0.05 0.95 600 3501 1 dephasing_p02_L16_lam0.95_P0.2_s1
16 0.2 0.95 0.05 0.95 600 3502 2 dephasing_p02_L16_lam0.95_P0.2_s2
16 0.2 0.95 0.05 0.95 600 3503 3 dephasing_p02_L16_lam0.95_P0.2_s3
16 0.2 0.95 0.05 0.95 600 3504 4 dephasing_p02_L16_lam0.95_P0.2_s4
16 0.2 0.95 0.05 0.95 600 3505 5 dephasing_p02_L16_lam0.95_P0.2_s5
16 0.2 0.95 0.05 0.95 600 3506 6 dephasing_p02_L16_lam0.95_P0.2_s6
16 0.2 0.95 0.05 0.95 600 3507 7 dephasing_p02_L16_lam0.95_P0.2_s7
16 0.2 0.95 0.05 0.95 600 3508 8 dephasing_p02_L16_lam0.95_P0.2_s8
16 0.2 0.95 0.05 0.95 600 3509 9 dephasing_p02_L16_lam0.95_P0.2_s9
16 0.2 0.95 0.05 0.95 600 3510 10 dephasing_p02_L16_lam0.95_P0.2_s10
20 0.2 0.1 0.9 0.1 600 3511 1 dephasing_p02_L20_lam0.10_P0.2_s1
20 0.2 0.1 0.9 0.1 600 3512 2 dephasing_p02_L20_lam0.10_P0.2_s2
20 0.2 0.1 0.9 0.1 600 3513 3 dephasing_p02_L20_lam0.10_P0.2_s3
20 0.2 0.1 0.9 0.1 600 3514 4 dephasing_p02_L20_lam0.10_P0.2_s4
20 0.2 0.1 0.9 0.1 600 3515 5 dephasing_p02_L20_lam0.10_P0.2_s5
20 0.2 0.1 0.9 0.1 600 3516 6 dephasing_p02_L20_lam0.10_P0.2_s6
20 0.2 0.1 0.9 0.1 600 3517 7 dephasing_p02_L20_lam0.10_P0.2_s7
20 0.2 0.1 0.9 0.1 600 3518 8 dephasing_p02_L20_lam0.10_P0.2_s8
20 0.2 0.1 0.9 0.1 600 3519 9 dephasing_p02_L20_lam0.10_P0.2_s9
20 0.2 0.1 0.9 0.1 600 3520 10 dephasing_p02_L20_lam0.10_P0.2_s10
20 0.2 0.2 0.8 0.2 600 3521 1 dephasing_p02_L20_lam0.20_P0.2_s1
20 0.2 0.2 0.8 0.2 600 3522 2 dephasing_p02_L20_lam0.20_P0.2_s2
20 0.2 0.2 0.8 0.2 600 3523 3 dephasing_p02_L20_lam0.20_P0.2_s3
20 0.2 0.2 0.8 0.2 600 3524 4 dephasing_p02_L20_lam0.20_P0.2_s4
20 0.2 0.2 0.8 0.2 600 3525 5 dephasing_p02_L20_lam0.20_P0.2_s5
20 0.2 0.2 0.8 0.2 600 3526 6 dephasing_p02_L20_lam0.20_P0.2_s6
20 0.2 0.2 0.8 0.2 600 3527 7 dephasing_p02_L20_lam0.20_P0.2_s7
20 0.2 0.2 0.8 0.2 600 3528 8 dephasing_p02_L20_lam0.20_P0.2_s8
20 0.2 0.2 0.8 0.2 600 3529 9 dephasing_p02_L20_lam0.20_P0.2_s9
20 0.2 0.2 0.8 0.2 600 3530 10 dephasing_p02_L20_lam0.20_P0.2_s10
20 0.2 0.3 0.7 0.3 600 3531 1 dephasing_p02_L20_lam0.30_P0.2_s1
20 0.2 0.3 0.7 0.3 600 3532 2 dephasing_p02_L20_lam0.30_P0.2_s2
20 0.2 0.3 0.7 0.3 600 3533 3 dephasing_p02_L20_lam0.30_P0.2_s3
20 0.2 0.3 0.7 0.3 600 3534 4 dephasing_p02_L20_lam0.30_P0.2_s4
20 0.2 0.3 0.7 0.3 600 3535 5 dephasing_p02_L20_lam0.30_P0.2_s5
20 0.2 0.3 0.7 0.3 600 3536 6 dephasing_p02_L20_lam0.30_P0.2_s6
20 0.2 0.3 0.7 0.3 600 3537 7 dephasing_p02_L20_lam0.30_P0.2_s7
20 0.2 0.3 0.7 0.3 600 3538 8 dephasing_p02_L20_lam0.30_P0.2_s8
20 0.2 0.3 0.7 0.3 600 3539 9 dephasing_p02_L20_lam0.30_P0.2_s9
20 0.2 0.3 0.7 0.3 600 3540 10 dephasing_p02_L20_lam0.30_P0.2_s10
20 0.2 0.4 0.6 0.4 600 3541 1 dephasing_p02_L20_lam0.40_P0.2_s1
20 0.2 0.4 0.6 0.4 600 3542 2 dephasing_p02_L20_lam0.40_P0.2_s2
20 0.2 0.4 0.6 0.4 600 3543 3 dephasing_p02_L20_lam0.40_P0.2_s3
20 0.2 0.4 0.6 0.4 600 3544 4 dephasing_p02_L20_lam0.40_P0.2_s4
20 0.2 0.4 0.6 0.4 600 3545 5 dephasing_p02_L20_lam0.40_P0.2_s5
20 0.2 0.4 0.6 0.4 600 3546 6 dephasing_p02_L20_lam0.40_P0.2_s6
20 0.2 0.4 0.6 0.4 600 3547 7 dephasing_p02_L20_lam0.40_P0.2_s7
20 0.2 0.4 0.6 0.4 600 3548 8 dephasing_p02_L20_lam0.40_P0.2_s8
20 0.2 0.4 0.6 0.4 600 3549 9 dephasing_p02_L20_lam0.40_P0.2_s9
20 0.2 0.4 0.6 0.4 600 3550 10 dephasing_p02_L20_lam0.40_P0.2_s10
20 0.2 0.45 0.55 0.45 600 3551 1 dephasing_p02_L20_lam0.45_P0.2_s1
20 0.2 0.45 0.55 0.45 600 3552 2 dephasing_p02_L20_lam0.45_P0.2_s2
20 0.2 0.45 0.55 0.45 600 3553 3 dephasing_p02_L20_lam0.45_P0.2_s3
20 0.2 0.45 0.55 0.45 600 3554 4 dephasing_p02_L20_lam0.45_P0.2_s4
20 0.2 0.45 0.55 0.45 600 3555 5 dephasing_p02_L20_lam0.45_P0.2_s5
20 0.2 0.45 0.55 0.45 600 3556 6 dephasing_p02_L20_lam0.45_P0.2_s6
20 0.2 0.45 0.55 0.45 600 3557 7 dephasing_p02_L20_lam0.45_P0.2_s7
20 0.2 0.45 0.55 0.45 600 3558 8 dephasing_p02_L20_lam0.45_P0.2_s8
20 0.2 0.45 0.55 0.45 600 3559 9 dephasing_p02_L20_lam0.45_P0.2_s9
20 0.2 0.45 0.55 0.45 600 3560 10 dephasing_p02_L20_lam0.45_P0.2_s10
20 0.2 0.48 0.52 0.48 600 3561 1 dephasing_p02_L20_lam0.48_P0.2_s1
20 0.2 0.48 0.52 0.48 600 3562 2 dephasing_p02_L20_lam0.48_P0.2_s2
20 0.2 0.48 0.52 0.48 600 3563 3 dephasing_p02_L20_lam0.48_P0.2_s3
20 0.2 0.48 0.52 0.48 600 3564 4 dephasing_p02_L20_lam0.48_P0.2_s4
20 0.2 0.48 0.52 0.48 600 3565 5 dephasing_p02_L20_lam0.48_P0.2_s5
20 0.2 0.48 0.52 0.48 600 3566 6 dephasing_p02_L20_lam0.48_P0.2_s6
20 0.2 0.48 0.52 0.48 600 3567 7 dephasing_p02_L20_lam0.48_P0.2_s7
20 0.2 0.48 0.52 0.48 600 3568 8 dephasing_p02_L20_lam0.48_P0.2_s8
20 0.2 0.48 0.52 0.48 600 3569 9 dephasing_p02_L20_lam0.48_P0.2_s9
20 0.2 0.48 0.52 0.48 600 3570 10 dephasing_p02_L20_lam0.48_P0.2_s10
20 0.2 0.49 0.51 0.49 600 3571 1 dephasing_p02_L20_lam0.49_P0.2_s1
20 0.2 0.49 0.51 0.49 600 3572 2 dephasing_p02_L20_lam0.49_P0.2_s2
20 0.2 0.49 0.51 0.49 600 3573 3 dephasing_p02_L20_lam0.49_P0.2_s3
20 0.2 0.49 0.51 0.49 600 3574 4 dephasing_p02_L20_lam0.49_P0.2_s4
20 0.2 0.49 0.51 0.49 600 3575 5 dephasing_p02_L20_lam0.49_P0.2_s5
20 0.2 0.49 0.51 0.49 600 3576 6 dephasing_p02_L20_lam0.49_P0.2_s6
20 0.2 0.49 0.51 0.49 600 3577 7 dephasing_p02_L20_lam0.49_P0.2_s7
20 0.2 0.49 0.51 0.49 600 3578 8 dephasing_p02_L20_lam0.49_P0.2_s8
20 0.2 0.49 0.51 0.49 600 3579 9 dephasing_p02_L20_lam0.49_P0.2_s9
20 0.2 0.49 0.51 0.49 600 3580 10 dephasing_p02_L20_lam0.49_P0.2_s10
20 0.2 0.5 0.5 0.5 600 3581 1 dephasing_p02_L20_lam0.50_P0.2_s1
20 0.2 0.5 0.5 0.5 600 3582 2 dephasing_p02_L20_lam0.50_P0.2_s2
20 0.2 0.5 0.5 0.5 600 3583 3 dephasing_p02_L20_lam0.50_P0.2_s3
20 0.2 0.5 0.5 0.5 600 3584 4 dephasing_p02_L20_lam0.50_P0.2_s4
20 0.2 0.5 0.5 0.5 600 3585 5 dephasing_p02_L20_lam0.50_P0.2_s5
20 0.2 0.5 0.5 0.5 600 3586 6 dephasing_p02_L20_lam0.50_P0.2_s6
20 0.2 0.5 0.5 0.5 600 3587 7 dephasing_p02_L20_lam0.50_P0.2_s7
20 0.2 0.5 0.5 0.5 600 3588 8 dephasing_p02_L20_lam0.50_P0.2_s8
20 0.2 0.5 0.5 0.5 600 3589 9 dephasing_p02_L20_lam0.50_P0.2_s9
20 0.2 0.5 0.5 0.5 600 3590 10 dephasing_p02_L20_lam0.50_P0.2_s10
20 0.2 0.51 0.49 0.51 600 3591 1 dephasing_p02_L20_lam0.51_P0.2_s1
20 0.2 0.51 0.49 0.51 600 3592 2 dephasing_p02_L20_lam0.51_P0.2_s2
20 0.2 0.51 0.49 0.51 600 3593 3 dephasing_p02_L20_lam0.51_P0.2_s3
20 0.2 0.51 0.49 0.51 600 3594 4 dephasing_p02_L20_lam0.51_P0.2_s4
20 0.2 0.51 0.49 0.51 600 3595 5 dephasing_p02_L20_lam0.51_P0.2_s5
20 0.2 0.51 0.49 0.51 600 3596 6 dephasing_p02_L20_lam0.51_P0.2_s6
20 0.2 0.51 0.49 0.51 600 3597 7 dephasing_p02_L20_lam0.51_P0.2_s7
20 0.2 0.51 0.49 0.51 600 3598 8 dephasing_p02_L20_lam0.51_P0.2_s8
20 0.2 0.51 0.49 0.51 600 3599 9 dephasing_p02_L20_lam0.51_P0.2_s9
20 0.2 0.51 0.49 0.51 600 3600 10 dephasing_p02_L20_lam0.51_P0.2_s10
20 0.2 0.52 0.48 0.52 600 3601 1 dephasing_p02_L20_lam0.52_P0.2_s1
20 0.2 0.52 0.48 0.52 600 3602 2 dephasing_p02_L20_lam0.52_P0.2_s2
20 0.2 0.52 0.48 0.52 600 3603 3 dephasing_p02_L20_lam0.52_P0.2_s3
20 0.2 0.52 0.48 0.52 600 3604 4 dephasing_p02_L20_lam0.52_P0.2_s4
20 0.2 0.52 0.48 0.52 600 3605 5 dephasing_p02_L20_lam0.52_P0.2_s5
20 0.2 0.52 0.48 0.52 600 3606 6 dephasing_p02_L20_lam0.52_P0.2_s6
20 0.2 0.52 0.48 0.52 600 3607 7 dephasing_p02_L20_lam0.52_P0.2_s7
20 0.2 0.52 0.48 0.52 600 3608 8 dephasing_p02_L20_lam0.52_P0.2_s8
20 0.2 0.52 0.48 0.52 600 3609 9 dephasing_p02_L20_lam0.52_P0.2_s9
20 0.2 0.52 0.48 0.52 600 3610 10 dephasing_p02_L20_lam0.52_P0.2_s10
20 0.2 0.53 0.47 0.53 600 3611 1 dephasing_p02_L20_lam0.53_P0.2_s1
20 0.2 0.53 0.47 0.53 600 3612 2 dephasing_p02_L20_lam0.53_P0.2_s2
20 0.2 0.53 0.47 0.53 600 3613 3 dephasing_p02_L20_lam0.53_P0.2_s3
20 0.2 0.53 0.47 0.53 600 3614 4 dephasing_p02_L20_lam0.53_P0.2_s4
20 0.2 0.53 0.47 0.53 600 3615 5 dephasing_p02_L20_lam0.53_P0.2_s5
20 0.2 0.53 0.47 0.53 600 3616 6 dephasing_p02_L20_lam0.53_P0.2_s6
20 0.2 0.53 0.47 0.53 600 3617 7 dephasing_p02_L20_lam0.53_P0.2_s7
20 0.2 0.53 0.47 0.53 600 3618 8 dephasing_p02_L20_lam0.53_P0.2_s8
20 0.2 0.53 0.47 0.53 600 3619 9 dephasing_p02_L20_lam0.53_P0.2_s9
20 0.2 0.53 0.47 0.53 600 3620 10 dephasing_p02_L20_lam0.53_P0.2_s10
20 0.2 0.55 0.45 0.55 600 3621 1 dephasing_p02_L20_lam0.55_P0.2_s1
20 0.2 0.55 0.45 0.55 600 3622 2 dephasing_p02_L20_lam0.55_P0.2_s2
20 0.2 0.55 0.45 0.55 600 3623 3 dephasing_p02_L20_lam0.55_P0.2_s3
20 0.2 0.55 0.45 0.55 600 3624 4 dephasing_p02_L20_lam0.55_P0.2_s4
20 0.2 0.55 0.45 0.55 600 3625 5 dephasing_p02_L20_lam0.55_P0.2_s5
20 0.2 0.55 0.45 0.55 600 3626 6 dephasing_p02_L20_lam0.55_P0.2_s6
20 0.2 0.55 0.45 0.55 600 3627 7 dephasing_p02_L20_lam0.55_P0.2_s7
20 0.2 0.55 0.45 0.55 600 3628 8 dephasing_p02_L20_lam0.55_P0.2_s8
20 0.2 0.55 0.45 0.55 600 3629 9 dephasing_p02_L20_lam0.55_P0.2_s9
20 0.2 0.55 0.45 0.55 600 3630 10 dephasing_p02_L20_lam0.55_P0.2_s10
20 0.2 0.6 0.4 0.6 600 3631 1 dephasing_p02_L20_lam0.60_P0.2_s1
20 0.2 0.6 0.4 0.6 600 3632 2 dephasing_p02_L20_lam0.60_P0.2_s2
20 0.2 0.6 0.4 0.6 600 3633 3 dephasing_p02_L20_lam0.60_P0.2_s3
20 0.2 0.6 0.4 0.6 600 3634 4 dephasing_p02_L20_lam0.60_P0.2_s4
20 0.2 0.6 0.4 0.6 600 3635 5 dephasing_p02_L20_lam0.60_P0.2_s5
20 0.2 0.6 0.4 0.6 600 3636 6 dephasing_p02_L20_lam0.60_P0.2_s6
20 0.2 0.6 0.4 0.6 600 3637 7 dephasing_p02_L20_lam0.60_P0.2_s7
20 0.2 0.6 0.4 0.6 600 3638 8 dephasing_p02_L20_lam0.60_P0.2_s8
20 0.2 0.6 0.4 0.6 600 3639 9 dephasing_p02_L20_lam0.60_P0.2_s9
20 0.2 0.6 0.4 0.6 600 3640 10 dephasing_p02_L20_lam0.60_P0.2_s10
20 0.2 0.7 0.3 0.7 600 3641 1 dephasing_p02_L20_lam0.70_P0.2_s1
20 0.2 0.7 0.3 0.7 600 3642 2 dephasing_p02_L20_lam0.70_P0.2_s2
20 0.2 0.7 0.3 0.7 600 3643 3 dephasing_p02_L20_lam0.70_P0.2_s3
20 0.2 0.7 0.3 0.7 600 3644 4 dephasing_p02_L20_lam0.70_P0.2_s4
20 0.2 0.7 0.3 0.7 600 3645 5 dephasing_p02_L20_lam0.70_P0.2_s5
20 0.2 0.7 0.3 0.7 600 3646 6 dephasing_p02_L20_lam0.70_P0.2_s6
20 0.2 0.7 0.3 0.7 600 3647 7 dephasing_p02_L20_lam0.70_P0.2_s7
20 0.2 0.7 0.3 0.7 600 3648 8 dephasing_p02_L20_lam0.70_P0.2_s8
20 0.2 0.7 0.3 0.7 600 3649 9 dephasing_p02_L20_lam0.70_P0.2_s9
20 0.2 0.7 0.3 0.7 600 3650 10 dephasing_p02_L20_lam0.70_P0.2_s10
20 0.2 0.8 0.2 0.8 600 3651 1 dephasing_p02_L20_lam0.80_P0.2_s1
20 0.2 0.8 0.2 0.8 600 3652 2 dephasing_p02_L20_lam0.80_P0.2_s2
20 0.2 0.8 0.2 0.8 600 3653 3 dephasing_p02_L20_lam0.80_P0.2_s3
20 0.2 0.8 0.2 0.8 600 3654 4 dephasing_p02_L20_lam0.80_P0.2_s4
20 0.2 0.8 0.2 0.8 600 3655 5 dephasing_p02_L20_lam0.80_P0.2_s5
20 0.2 0.8 0.2 0.8 600 3656 6 dephasing_p02_L20_lam0.80_P0.2_s6
20 0.2 0.8 0.2 0.8 600 3657 7 dephasing_p02_L20_lam0.80_P0.2_s7
20 0.2 0.8 0.2 0.8 600 3658 8 dephasing_p02_L20_lam0.80_P0.2_s8
20 0.2 0.8 0.2 0.8 600 3659 9 dephasing_p02_L20_lam0.80_P0.2_s9
20 0.2 0.8 0.2 0.8 600 3660 10 dephasing_p02_L20_lam0.80_P0.2_s10
20 0.2 0.9 0.1 0.9 600 3661 1 dephasing_p02_L20_lam0.90_P0.2_s1
20 0.2 0.9 0.1 0.9 600 3662 2 dephasing_p02_L20_lam0.90_P0.2_s2
20 0.2 0.9 0.1 0.9 600 3663 3 dephasing_p02_L20_lam0.90_P0.2_s3
20 0.2 0.9 0.1 0.9 600 3664 4 dephasing_p02_L20_lam0.90_P0.2_s4
20 0.2 0.9 0.1 0.9 600 3665 5 dephasing_p02_L20_lam0.90_P0.2_s5
20 0.2 0.9 0.1 0.9 600 3666 6 dephasing_p02_L20_lam0.90_P0.2_s6
20 0.2 0.9 0.1 0.9 600 3667 7 dephasing_p02_L20_lam0.90_P0.2_s7
20 0.2 0.9 0.1 0.9 600 3668 8 dephasing_p02_L20_lam0.90_P0.2_s8
20 0.2 0.9 0.1 0.9 600 3669 9 dephasing_p02_L20_lam0.90_P0.2_s9
20 0.2 0.9 0.1 0.9 600 3670 10 dephasing_p02_L20_lam0.90_P0.2_s10
20 0.2 0.95 0.05 0.95 600 3671 1 dephasing_p02_L20_lam0.95_P0.2_s1
20 0.2 0.95 0.05 0.95 600 3672 2 dephasing_p02_L20_lam0.95_P0.2_s2
20 0.2 0.95 0.05 0.95 600 3673 3 dephasing_p02_L20_lam0.95_P0.2_s3
20 0.2 0.95 0.05 0.95 600 3674 4 dephasing_p02_L20_lam0.95_P0.2_s4
20 0.2 0.95 0.05 0.95 600 3675 5 dephasing_p02_L20_lam0.95_P0.2_s5
20 0.2 0.95 0.05 0.95 600 3676 6 dephasing_p02_L20_lam0.95_P0.2_s6
20 0.2 0.95 0.05 0.95 600 3677 7 dephasing_p02_L20_lam0.95_P0.2_s7
20 0.2 0.95 0.05 0.95 600 3678 8 dephasing_p02_L20_lam0.95_P0.2_s8
20 0.2 0.95 0.05 0.95 600 3679 9 dephasing_p02_L20_lam0.95_P0.2_s9
20 0.2 0.95 0.05 0.95 600 3680 10 dephasing_p02_L20_lam0.95_P0.2_s10
