20 0.1 0.9 0.1 2000 2001 1 L20_lam0.1_s1
20 0.1 0.9 0.1 2000 2002 2 L20_lam0.1_s2
20 0.1 0.9 0.1 2000 2003 3 L20_lam0.1_s3
20 0.2 0.8 0.2 2000 2004 1 L20_lam0.2_s1
20 0.2 0.8 0.2 2000 2005 2 L20_lam0.2_s2
20 0.2 0.8 0.2 2000 2006 3 L20_lam0.2_s3
20 0.3 0.7 0.3 2000 2007 1 L20_lam0.3_s1
20 0.3 0.7 0.3 2000 2008 2 L20_lam0.3_s2
20 0.3 0.7 0.3 2000 2009 3 L20_lam0.3_s3
20 0.4 0.6 0.4 2000 2010 1 L20_lam0.4_s1
20 0.4 0.6 0.4 2000 2011 2 L20_lam0.4_s2
20 0.4 0.6 0.4 2000 2012 3 L20_lam0.4_s3
20 0.46 0.54 0.46 2000 2013 1 L20_lam0.46_s1
20 0.46 0.54 0.46 2000 2014 2 L20_lam0.46_s2
20 0.46 0.54 0.46 2000 2015 3 L20_lam0.46_s3
20 0.47 0.53 0.47 2000 2016 1 L20_lam0.47_s1
20 0.47 0.53 0.47 2000 2017 2 L20_lam0.47_s2
20 0.47 0.53 0.47 2000 2018 3 L20_lam0.47_s3
20 0.48 0.52 0.48 2000 2019 1 L20_lam0.48_s1
20 0.48 0.52 0.48 2000 2020 2 L20_lam0.48_s2
20 0.48 0.52 0.48 2000 2021 3 L20_lam0.48_s3
20 0.49 0.51 0.49 2000 2022 1 L20_lam0.49_s1
20 0.49 0.51 0.49 2000 2023 2 L20_lam0.49_s2
20 0.49 0.51 0.49 2000 2024 3 L20_lam0.49_s3
20 0.5 0.5 0.5 2000 2025 1 L20_lam0.5_s1
20 0.5 0.5 0.5 2000 2026 2 L20_lam0.5_s2
20 0.5 0.5 0.5 2000 2027 3 L20_lam0.5_s3
20 0.51 0.49 0.51 2000 2028 1 L20_lam0.51_s1
20 0.51 0.49 0.51 2000 2029 2 L20_lam0.51_s2
20 0.51 0.49 0.51 2000 2030 3 L20_lam0.51_s3
20 0.52 0.48 0.52 2000 2031 1 L20_lam0.52_s1
20 0.52 0.48 0.52 2000 2032 2 L20_lam0.52_s2
20 0.52 0.48 0.52 2000 2033 3 L20_lam0.52_s3
20 0.53 0.47 0.53 2000 2034 1 L20_lam0.53_s1
20 0.53 0.47 0.53 2000 2035 2 L20_lam0.53_s2
20 0.53 0.47 0.53 2000 2036 3 L20_lam0.53_s3
20 0.54 0.46 0.54 2000 2037 1 L20_lam0.54_s1
20 0.54 0.46 0.54 2000 2038 2 L20_lam0.54_s2
20 0.54 0.46 0.54 2000 2039 3 L20_lam0.54_s3
20 0.6 0.4 0.6 2000 2040 1 L20_lam0.6_s1
20 0.6 0.4 0.6 2000 2041 2 L20_lam0.6_s2
20 0.6 0.4 0.6 2000 2042 3 L20_lam0.6_s3
20 0.7 0.3 0.7 2000 2043 1 L20_lam0.7_s1
20 0.7 0.3 0.7 2000 2044 2 L20_lam0.7_s2
20 0.7 0.3 0.7 2000 2045 3 L20_lam0.7_s3
20 0.8 0.2 0.8 2000 2046 1 L20_lam0.8_s1
20 0.8 0.2 0.8 2000 2047 2 L20_lam0.8_s2
20 0.8 0.2 0.8 2000 2048 3 L20_lam0.8_s3
20 0.9 0.1 0.9 2000 2049 1 L20_lam0.9_s1
20 0.9 0.1 0.9 2000 2050 2 L20_lam0.9_s2
20 0.9 0.1 0.9 2000 2051 3 L20_lam0.9_s3
24 0.1 0.9 0.1 2000 2052 1 L24_lam0.1_s1
24 0.1 0.9 0.1 2000 2053 2 L24_lam0.1_s2
24 0.1 0.9 0.1 2000 2054 3 L24_lam0.1_s3
24 0.2 0.8 0.2 2000 2055 1 L24_lam0.2_s1
24 0.2 0.8 0.2 2000 2056 2 L24_lam0.2_s2
24 0.2 0.8 0.2 2000 2057 3 L24_lam0.2_s3
24 0.3 0.7 0.3 2000 2058 1 L24_lam0.3_s1
24 0.3 0.7 0.3 2000 2059 2 L24_lam0.3_s2
24 0.3 0.7 0.3 2000 2060 3 L24_lam0.3_s3
24 0.4 0.6 0.4 2000 2061 1 L24_lam0.4_s1
24 0.4 0.6 0.4 2000 2062 2 L24_lam0.4_s2
24 0.4 0.6 0.4 2000 2063 3 L24_lam0.4_s3
24 0.46 0.54 0.46 2000 2064 1 L24_lam0.46_s1
24 0.46 0.54 0.46 2000 2065 2 L24_lam0.46_s2
24 0.46 0.54 0.46 2000 2066 3 L24_lam0.46_s3
24 0.47 0.53 0.47 2000 2067 1 L24_lam0.47_s1
24 0.47 0.53 0.47 2000 2068 2 L24_lam0.47_s2
24 0.47 0.53 0.47 2000 2069 3 L24_lam0.47_s3
24 0.48 0.52 0.48 2000 2070 1 L24_lam0.48_s1
24 0.48 0.52 0.48 2000 2071 2 L24_lam0.48_s2
24 0.48 0.52 0.48 2000 2072 3 L24_lam0.48_s3
24 0.49 0.51 0.49 2000 2073 1 L24_lam0.49_s1
24 0.49 0.51 0.49 2000 2074 2 L24_lam0.49_s2
24 0.49 0.51 0.49 2000 2075 3 L24_lam0.49_s3
24 0.5 0.5 0.5 2000 2076 1 L24_lam0.5_s1
24 0.5 0.5 0.5 2000 2077 2 L24_lam0.5_s2
24 0.5 0.5 0.5 2000 2078 3 L24_lam0.5_s3
24 0.51 0.49 0.51 2000 2079 1 L24_lam0.51_s1
24 0.51 0.49 0.51 2000 2080 2 L24_lam0.51_s2
24 0.51 0.49 0.51 2000 2081 3 L24_lam0.51_s3
24 0.52 0.48 0.52 2000 2082 1 L24_lam0.52_s1
24 0.52 0.48 0.52 2000 2083 2 L24_lam0.52_s2
24 0.52 0.48 0.52 2000 2084 3 L24_lam0.52_s3
24 0.53 0.47 0.53 2000 2085 1 L24_lam0.53_s1
24 0.53 0.47 0.53 2000 2086 2 L24_lam0.53_s2
24 0.53 0.47 0.53 2000 2087 3 L24_lam0.53_s3
24 0.54 0.46 0.54 2000 2088 1 L24_lam0.54_s1
24 0.54 0.46 0.54 2000 2089 2 L24_lam0.54_s2
24 0.54 0.46 0.54 2000 2090 3 L24_lam0.54_s3
24 0.6 0.4 0.6 2000 2091 1 L24_lam0.6_s1
24 0.6 0.4 0.6 2000 2092 2 L24_lam0.6_s2
24 0.6 0.4 0.6 2000 2093 3 L24_lam0.6_s3
24 0.7 0.3 0.7 2000 2094 1 L24_lam0.7_s1
24 0.7 0.3 0.7 2000 2095 2 L24_lam0.7_s2
24 0.7 0.3 0.7 2000 2096 3 L24_lam0.7_s3
24 0.8 0.2 0.8 2000 2097 1 L24_lam0.8_s1
24 0.8 0.2 0.8 2000 2098 2 L24_lam0.8_s2
24 0.8 0.2 0.8 2000 2099 3 L24_lam0.8_s3
24 0.9 0.1 0.9 2000 2100 1 L24_lam0.9_s1
24 0.9 0.1 0.9 2000 2101 2 L24_lam0.9_s2
24 0.9 0.1 0.9 2000 2102 3 L24_lam0.9_s3
28 0.1 0.9 0.1 2000 2103 1 L28_lam0.1_s1
28 0.1 0.9 0.1 2000 2104 2 L28_lam0.1_s2
28 0.1 0.9 0.1 2000 2105 3 L28_lam0.1_s3
28 0.2 0.8 0.2 2000 2106 1 L28_lam0.2_s1
28 0.2 0.8 0.2 2000 2107 2 L28_lam0.2_s2
28 0.2 0.8 0.2 2000 2108 3 L28_lam0.2_s3
28 0.3 0.7 0.3 2000 2109 1 L28_lam0.3_s1
28 0.3 0.7 0.3 2000 2110 2 L28_lam0.3_s2
28 0.3 0.7 0.3 2000 2111 3 L28_lam0.3_s3
28 0.4 0.6 0.4 2000 2112 1 L28_lam0.4_s1
28 0.4 0.6 0.4 2000 2113 2 L28_lam0.4_s2
28 0.4 0.6 0.4 2000 2114 3 L28_lam0.4_s3
28 0.46 0.54 0.46 2000 2115 1 L28_lam0.46_s1
28 0.46 0.54 0.46 2000 2116 2 L28_lam0.46_s2
28 0.46 0.54 0.46 2000 2117 3 L28_lam0.46_s3
28 0.47 0.53 0.47 2000 2118 1 L28_lam0.47_s1
28 0.47 0.53 0.47 2000 2119 2 L28_lam0.47_s2
28 0.47 0.53 0.47 2000 2120 3 L28_lam0.47_s3
28 0.48 0.52 0.48 2000 2121 1 L28_lam0.48_s1
28 0.48 0.52 0.48 2000 2122 2 L28_lam0.48_s2
28 0.48 0.52 0.48 2000 2123 3 L28_lam0.48_s3
28 0.49 0.51 0.49 2000 2124 1 L28_lam0.49_s1
28 0.49 0.51 0.49 2000 2125 2 L28_lam0.49_s2
28 0.49 0.51 0.49 2000 2126 3 L28_lam0.49_s3
28 0.5 0.5 0.5 2000 2127 1 L28_lam0.5_s1
28 0.5 0.5 0.5 2000 2128 2 L28_lam0.5_s2
28 0.5 0.5 0.5 2000 2129 3 L28_lam0.5_s3
28 0.51 0.49 0.51 2000 2130 1 L28_lam0.51_s1
28 0.51 0.49 0.51 2000 2131 2 L28_lam0.51_s2
28 0.51 0.49 0.51 2000 2132 3 L28_lam0.51_s3
28 0.52 0.48 0.52 2000 2133 1 L28_lam0.52_s1
28 0.52 0.48 0.52 2000 2134 2 L28_lam0.52_s2
28 0.52 0.48 0.52 2000 2135 3 L28_lam0.52_s3
28 0.53 0.47 0.53 2000 2136 1 L28_lam0.53_s1
28 0.53 0.47 0.53 2000 2137 2 L28_lam0.53_s2
28 0.53 0.47 0.53 2000 2138 3 L28_lam0.53_s3
28 0.54 0.46 0.54 2000 2139 1 L28_lam0.54_s1
28 0.54 0.46 0.54 2000 2140 2 L28_lam0.54_s2
28 0.54 0.46 0.54 2000 2141 3 L28_lam0.54_s3
28 0.6 0.4 0.6 2000 2142 1 L28_lam0.6_s1
28 0.6 0.4 0.6 2000 2143 2 L28_lam0.6_s2
28 0.6 0.4 0.6 2000 2144 3 L28_lam0.6_s3
28 0.7 0.3 0.7 2000 2145 1 L28_lam0.7_s1
28 0.7 0.3 0.7 2000 2146 2 L28_lam0.7_s2
28 0.7 0.3 0.7 2000 2147 3 L28_lam0.7_s3
28 0.8 0.2 0.8 2000 2148 1 L28_lam0.8_s1
28 0.8 0.2 0.8 2000 2149 2 L28_lam0.8_s2
28 0.8 0.2 0.8 2000 2150 3 L28_lam0.8_s3
28 0.9 0.1 0.9 2000 2151 1 L28_lam0.9_s1
28 0.9 0.1 0.9 2000 2152 2 L28_lam0.9_s2
28 0.9 0.1 0.9 2000 2153 3 L28_lam0.9_s3
32 0.1 0.9 0.1 2000 2154 1 L32_lam0.1_s1
32 0.1 0.9 0.1 2000 2155 2 L32_lam0.1_s2
32 0.1 0.9 0.1 2000 2156 3 L32_lam0.1_s3
32 0.2 0.8 0.2 2000 2157 1 L32_lam0.2_s1
32 0.2 0.8 0.2 2000 2158 2 L32_lam0.2_s2
32 0.2 0.8 0.2 2000 2159 3 L32_lam0.2_s3
32 0.3 0.7 0.3 2000 2160 1 L32_lam0.3_s1
32 0.3 0.7 0.3 2000 2161 2 L32_lam0.3_s2
32 0.3 0.7 0.3 2000 2162 3 L32_lam0.3_s3
32 0.4 0.6 0.4 2000 2163 1 L32_lam0.4_s1
32 0.4 0.6 0.4 2000 2164 2 L32_lam0.4_s2
32 0.4 0.6 0.4 2000 2165 3 L32_lam0.4_s3
32 0.46 0.54 0.46 2000 2166 1 L32_lam0.46_s1
32 0.46 0.54 0.46 2000 2167 2 L32_lam0.46_s2
32 0.46 0.54 0.46 2000 2168 3 L32_lam0.46_s3
32 0.47 0.53 0.47 2000 2169 1 L32_lam0.47_s1
32 0.47 0.53 0.47 2000 2170 2 L32_lam0.47_s2
32 0.47 0.53 0.47 2000 2171 3 L32_lam0.47_s3
32 0.48 0.52 0.48 2000 2172 1 L32_lam0.48_s1
32 0.48 0.52 0.48 2000 2173 2 L32_lam0.48_s2
32 0.48 0.52 0.48 2000 2174 3 L32_lam0.48_s3
32 0.49 0.51 0.49 2000 2175 1 L32_lam0.49_s1
32 0.49 0.51 0.49 2000 2176 2 L32_lam0.49_s2
32 0.49 0.51 0.49 2000 2177 3 L32_lam0.49_s3
32 0.5 0.5 0.5 2000 2178 1 L32_lam0.5_s1
32 0.5 0.5 0.5 2000 2179 2 L32_lam0.5_s2
32 0.5 0.5 0.5 2000 2180 3 L32_lam0.5_s3
32 0.51 0.49 0.51 2000 2181 1 L32_lam0.51_s1
32 0.51 0.49 0.51 2000 2182 2 L32_lam0.51_s2
32 0.51 0.49 0.51 2000 2183 3 L32_lam0.51_s3
32 0.52 0.48 0.52 2000 2184 1 L32_lam0.52_s1
32 0.52 0.48 0.52 2000 2185 2 L32_lam0.52_s2
32 0.52 0.48 0.52 2000 2186 3 L32_lam0.52_s3
32 0.53 0.47 0.53 2000 2187 1 L32_lam0.53_s1
32 0.53 0.47 0.53 2000 2188 2 L32_lam0.53_s2
32 0.53 0.47 0.53 2000 2189 3 L32_lam0.53_s3
32 0.54 0.46 0.54 2000 2190 1 L32_lam0.54_s1
32 0.54 0.46 0.54 2000 2191 2 L32_lam0.54_s2
32 0.54 0.46 0.54 2000 2192 3 L32_lam0.54_s3
32 0.6 0.4 0.6 2000 2193 1 L32_lam0.6_s1
32 0.6 0.4 0.6 2000 2194 2 L32_lam0.6_s2
32 0.6 0.4 0.6 2000 2195 3 L32_lam0.6_s3
32 0.7 0.3 0.7 2000 2196 1 L32_lam0.7_s1
32 0.7 0.3 0.7 2000 2197 2 L32_lam0.7_s2
32 0.7 0.3 0.7 2000 2198 3 L32_lam0.7_s3
32 0.8 0.2 0.8 2000 2199 1 L32_lam0.8_s1
32 0.8 0.2 0.8 2000 2200 2 L32_lam0.8_s2
32 0.8 0.2 0.8 2000 2201 3 L32_lam0.8_s3
32 0.9 0.1 0.9 2000 2202 1 L32_lam0.9_s1
32 0.9 0.1 0.9 2000 2203 2 L32_lam0.9_s2
32 0.9 0.1 0.9 2000 2204 3 L32_lam0.9_s3
36 0.1 0.9 0.1 2000 2205 1 L36_lam0.1_s1
36 0.1 0.9 0.1 2000 2206 2 L36_lam0.1_s2
36 0.1 0.9 0.1 2000 2207 3 L36_lam0.1_s3
36 0.2 0.8 0.2 2000 2208 1 L36_lam0.2_s1
36 0.2 0.8 0.2 2000 2209 2 L36_lam0.2_s2
36 0.2 0.8 0.2 2000 2210 3 L36_lam0.2_s3
36 0.3 0.7 0.3 2000 2211 1 L36_lam0.3_s1
36 0.3 0.7 0.3 2000 2212 2 L36_lam0.3_s2
36 0.3 0.7 0.3 2000 2213 3 L36_lam0.3_s3
36 0.4 0.6 0.4 2000 2214 1 L36_lam0.4_s1
36 0.4 0.6 0.4 2000 2215 2 L36_lam0.4_s2
36 0.4 0.6 0.4 2000 2216 3 L36_lam0.4_s3
36 0.46 0.54 0.46 2000 2217 1 L36_lam0.46_s1
36 0.46 0.54 0.46 2000 2218 2 L36_lam0.46_s2
36 0.46 0.54 0.46 2000 2219 3 L36_lam0.46_s3
36 0.47 0.53 0.47 2000 2220 1 L36_lam0.47_s1
36 0.47 0.53 0.47 2000 2221 2 L36_lam0.47_s2
36 0.47 0.53 0.47 2000 2222 3 L36_lam0.47_s3
36 0.48 0.52 0.48 2000 2223 1 L36_lam0.48_s1
36 0.48 0.52 0.48 2000 2224 2 L36_lam0.48_s2
36 0.48 0.52 0.48 2000 2225 3 L36_lam0.48_s3
36 0.49 0.51 0.49 2000 2226 1 L36_lam0.49_s1
36 0.49 0.51 0.49 2000 2227 2 L36_lam0.49_s2
36 0.49 0.51 0.49 2000 2228 3 L36_lam0.49_s3
36 0.5 0.5 0.5 2000 2229 1 L36_lam0.5_s1
36 0.5 0.5 0.5 2000 2230 2 L36_lam0.5_s2
36 0.5 0.5 0.5 2000 2231 3 L36_lam0.5_s3
36 0.51 0.49 0.51 2000 2232 1 L36_lam0.51_s1
36 0.51 0.49 0.51 2000 2233 2 L36_lam0.51_s2
36 0.51 0.49 0.51 2000 2234 3 L36_lam0.51_s3
36 0.52 0.48 0.52 2000 2235 1 L36_lam0.52_s1
36 0.52 0.48 0.52 2000 2236 2 L36_lam0.52_s2
36 0.52 0.48 0.52 2000 2237 3 L36_lam0.52_s3
36 0.53 0.47 0.53 2000 2238 1 L36_lam0.53_s1
36 0.53 0.47 0.53 2000 2239 2 L36_lam0.53_s2
36 0.53 0.47 0.53 2000 2240 3 L36_lam0.53_s3
36 0.54 0.46 0.54 2000 2241 1 L36_lam0.54_s1
36 0.54 0.46 0.54 2000 2242 2 L36_lam0.54_s2
36 0.54 0.46 0.54 2000 2243 3 L36_lam0.54_s3
36 0.6 0.4 0.6 2000 2244 1 L36_lam0.6_s1
36 0.6 0.4 0.6 2000 2245 2 L36_lam0.6_s2
36 0.6 0.4 0.6 2000 2246 3 L36_lam0.6_s3
36 0.7 0.3 0.7 2000 2247 1 L36_lam0.7_s1
36 0.7 0.3 0.7 2000 2248 2 L36_lam0.7_s2
36 0.7 0.3 0.7 2000 2249 3 L36_lam0.7_s3
36 0.8 0.2 0.8 2000 2250 1 L36_lam0.8_s1
36 0.8 0.2 0.8 2000 2251 2 L36_lam0.8_s2
36 0.8 0.2 0.8 2000 2252 3 L36_lam0.8_s3
36 0.9 0.1 0.9 2000 2253 1 L36_lam0.9_s1
36 0.9 0.1 0.9 2000 2254 2 L36_lam0.9_s2
36 0.9 0.1 0.9 2000 2255 3 L36_lam0.9_s3
