8 0.1 0.9 0.1 2000 1001 1 std_L8_lam0.1_s1
8 0.1 0.9 0.1 2000 1002 2 std_L8_lam0.1_s2
8 0.1 0.9 0.1 2000 1003 3 std_L8_lam0.1_s3
8 0.1 0.9 0.1 2000 1004 4 std_L8_lam0.1_s4
8 0.1 0.9 0.1 2000 1005 5 std_L8_lam0.1_s5
8 0.1 0.9 0.1 2000 1006 6 std_L8_lam0.1_s6
8 0.1 0.9 0.1 2000 1007 7 std_L8_lam0.1_s7
8 0.1 0.9 0.1 2000 1008 8 std_L8_lam0.1_s8
8 0.1 0.9 0.1 2000 1009 9 std_L8_lam0.1_s9
8 0.1 0.9 0.1 2000 1010 10 std_L8_lam0.1_s10
8 0.1 0.9 0.1 2000 1011 11 std_L8_lam0.1_s11
8 0.1 0.9 0.1 2000 1012 12 std_L8_lam0.1_s12
8 0.1 0.9 0.1 2000 1013 13 std_L8_lam0.1_s13
8 0.1 0.9 0.1 2000 1014 14 std_L8_lam0.1_s14
8 0.1 0.9 0.1 2000 1015 15 std_L8_lam0.1_s15
8 0.1 0.9 0.1 2000 1016 16 std_L8_lam0.1_s16
8 0.1 0.9 0.1 2000 1017 17 std_L8_lam0.1_s17
8 0.1 0.9 0.1 2000 1018 18 std_L8_lam0.1_s18
8 0.1 0.9 0.1 2000 1019 19 std_L8_lam0.1_s19
8 0.1 0.9 0.1 2000 1020 20 std_L8_lam0.1_s20
8 0.2 0.8 0.2 2000 1001 1 std_L8_lam0.2_s1
8 0.2 0.8 0.2 2000 1002 2 std_L8_lam0.2_s2
8 0.2 0.8 0.2 2000 1003 3 std_L8_lam0.2_s3
8 0.2 0.8 0.2 2000 1004 4 std_L8_lam0.2_s4
8 0.2 0.8 0.2 2000 1005 5 std_L8_lam0.2_s5
8 0.2 0.8 0.2 2000 1006 6 std_L8_lam0.2_s6
8 0.2 0.8 0.2 2000 1007 7 std_L8_lam0.2_s7
8 0.2 0.8 0.2 2000 1008 8 std_L8_lam0.2_s8
8 0.2 0.8 0.2 2000 1009 9 std_L8_lam0.2_s9
8 0.2 0.8 0.2 2000 1010 10 std_L8_lam0.2_s10
8 0.2 0.8 0.2 2000 1011 11 std_L8_lam0.2_s11
8 0.2 0.8 0.2 2000 1012 12 std_L8_lam0.2_s12
8 0.2 0.8 0.2 2000 1013 13 std_L8_lam0.2_s13
8 0.2 0.8 0.2 2000 1014 14 std_L8_lam0.2_s14
8 0.2 0.8 0.2 2000 1015 15 std_L8_lam0.2_s15
8 0.2 0.8 0.2 2000 1016 16 std_L8_lam0.2_s16
8 0.2 0.8 0.2 2000 1017 17 std_L8_lam0.2_s17
8 0.2 0.8 0.2 2000 1018 18 std_L8_lam0.2_s18
8 0.2 0.8 0.2 2000 1019 19 std_L8_lam0.2_s19
8 0.2 0.8 0.2 2000 1020 20 std_L8_lam0.2_s20
8 0.3 0.7 0.3 2000 1001 1 std_L8_lam0.3_s1
8 0.3 0.7 0.3 2000 1002 2 std_L8_lam0.3_s2
8 0.3 0.7 0.3 2000 1003 3 std_L8_lam0.3_s3
8 0.3 0.7 0.3 2000 1004 4 std_L8_lam0.3_s4
8 0.3 0.7 0.3 2000 1005 5 std_L8_lam0.3_s5
8 0.3 0.7 0.3 2000 1006 6 std_L8_lam0.3_s6
8 0.3 0.7 0.3 2000 1007 7 std_L8_lam0.3_s7
8 0.3 0.7 0.3 2000 1008 8 std_L8_lam0.3_s8
8 0.3 0.7 0.3 2000 1009 9 std_L8_lam0.3_s9
8 0.3 0.7 0.3 2000 1010 10 std_L8_lam0.3_s10
8 0.3 0.7 0.3 2000 1011 11 std_L8_lam0.3_s11
8 0.3 0.7 0.3 2000 1012 12 std_L8_lam0.3_s12
8 0.3 0.7 0.3 2000 1013 13 std_L8_lam0.3_s13
8 0.3 0.7 0.3 2000 1014 14 std_L8_lam0.3_s14
8 0.3 0.7 0.3 2000 1015 15 std_L8_lam0.3_s15
8 0.3 0.7 0.3 2000 1016 16 std_L8_lam0.3_s16
8 0.3 0.7 0.3 2000 1017 17 std_L8_lam0.3_s17
8 0.3 0.7 0.3 2000 1018 18 std_L8_lam0.3_s18
8 0.3 0.7 0.3 2000 1019 19 std_L8_lam0.3_s19
8 0.3 0.7 0.3 2000 1020 20 std_L8_lam0.3_s20
8 0.35 0.65 0.35 2000 1001 1 std_L8_lam0.35_s1
8 0.35 0.65 0.35 2000 1002 2 std_L8_lam0.35_s2
8 0.35 0.65 0.35 2000 1003 3 std_L8_lam0.35_s3
8 0.35 0.65 0.35 2000 1004 4 std_L8_lam0.35_s4
8 0.35 0.65 0.35 2000 1005 5 std_L8_lam0.35_s5
8 0.35 0.65 0.35 2000 1006 6 std_L8_lam0.35_s6
8 0.35 0.65 0.35 2000 1007 7 std_L8_lam0.35_s7
8 0.35 0.65 0.35 2000 1008 8 std_L8_lam0.35_s8
8 0.35 0.65 0.35 2000 1009 9 std_L8_lam0.35_s9
8 0.35 0.65 0.35 2000 1010 10 std_L8_lam0.35_s10
8 0.35 0.65 0.35 2000 1011 11 std_L8_lam0.35_s11
8 0.35 0.65 0.35 2000 1012 12 std_L8_lam0.35_s12
8 0.35 0.65 0.35 2000 1013 13 std_L8_lam0.35_s13
8 0.35 0.65 0.35 2000 1014 14 std_L8_lam0.35_s14
8 0.35 0.65 0.35 2000 1015 15 std_L8_lam0.35_s15
8 0.35 0.65 0.35 2000 1016 16 std_L8_lam0.35_s16
8 0.35 0.65 0.35 2000 1017 17 std_L8_lam0.35_s17
8 0.35 0.65 0.35 2000 1018 18 std_L8_lam0.35_s18
8 0.35 0.65 0.35 2000 1019 19 std_L8_lam0.35_s19
8 0.35 0.65 0.35 2000 1020 20 std_L8_lam0.35_s20
8 0.4 0.6 0.4 2000 1001 1 std_L8_lam0.4_s1
8 0.4 0.6 0.4 2000 1002 2 std_L8_lam0.4_s2
8 0.4 0.6 0.4 2000 1003 3 std_L8_lam0.4_s3
8 0.4 0.6 0.4 2000 1004 4 std_L8_lam0.4_s4
8 0.4 0.6 0.4 2000 1005 5 std_L8_lam0.4_s5
8 0.4 0.6 0.4 2000 1006 6 std_L8_lam0.4_s6
8 0.4 0.6 0.4 2000 1007 7 std_L8_lam0.4_s7
8 0.4 0.6 0.4 2000 1008 8 std_L8_lam0.4_s8
8 0.4 0.6 0.4 2000 1009 9 std_L8_lam0.4_s9
8 0.4 0.6 0.4 2000 1010 10 std_L8_lam0.4_s10
8 0.4 0.6 0.4 2000 1011 11 std_L8_lam0.4_s11
8 0.4 0.6 0.4 2000 1012 12 std_L8_lam0.4_s12
8 0.4 0.6 0.4 2000 1013 13 std_L8_lam0.4_s13
8 0.4 0.6 0.4 2000 1014 14 std_L8_lam0.4_s14
8 0.4 0.6 0.4 2000 1015 15 std_L8_lam0.4_s15
8 0.4 0.6 0.4 2000 1016 16 std_L8_lam0.4_s16
8 0.4 0.6 0.4 2000 1017 17 std_L8_lam0.4_s17
8 0.4 0.6 0.4 2000 1018 18 std_L8_lam0.4_s18
8 0.4 0.6 0.4 2000 1019 19 std_L8_lam0.4_s19
8 0.4 0.6 0.4 2000 1020 20 std_L8_lam0.4_s20
8 0.42 0.5800000000000001 0.42 2000 1001 1 std_L8_lam0.42_s1
8 0.42 0.5800000000000001 0.42 2000 1002 2 std_L8_lam0.42_s2
8 0.42 0.5800000000000001 0.42 2000 1003 3 std_L8_lam0.42_s3
8 0.42 0.5800000000000001 0.42 2000 1004 4 std_L8_lam0.42_s4
8 0.42 0.5800000000000001 0.42 2000 1005 5 std_L8_lam0.42_s5
8 0.42 0.5800000000000001 0.42 2000 1006 6 std_L8_lam0.42_s6
8 0.42 0.5800000000000001 0.42 2000 1007 7 std_L8_lam0.42_s7
8 0.42 0.5800000000000001 0.42 2000 1008 8 std_L8_lam0.42_s8
8 0.42 0.5800000000000001 0.42 2000 1009 9 std_L8_lam0.42_s9
8 0.42 0.5800000000000001 0.42 2000 1010 10 std_L8_lam0.42_s10
8 0.42 0.5800000000000001 0.42 2000 1011 11 std_L8_lam0.42_s11
8 0.42 0.5800000000000001 0.42 2000 1012 12 std_L8_lam0.42_s12
8 0.42 0.5800000000000001 0.42 2000 1013 13 std_L8_lam0.42_s13
8 0.42 0.5800000000000001 0.42 2000 1014 14 std_L8_lam0.42_s14
8 0.42 0.5800000000000001 0.42 2000 1015 15 std_L8_lam0.42_s15
8 0.42 0.5800000000000001 0.42 2000 1016 16 std_L8_lam0.42_s16
8 0.42 0.5800000000000001 0.42 2000 1017 17 std_L8_lam0.42_s17
8 0.42 0.5800000000000001 0.42 2000 1018 18 std_L8_lam0.42_s18
8 0.42 0.5800000000000001 0.42 2000 1019 19 std_L8_lam0.42_s19
8 0.42 0.5800000000000001 0.42 2000 1020 20 std_L8_lam0.42_s20
8 0.44 0.56 0.44 2000 1001 1 std_L8_lam0.44_s1
8 0.44 0.56 0.44 2000 1002 2 std_L8_lam0.44_s2
8 0.44 0.56 0.44 2000 1003 3 std_L8_lam0.44_s3
8 0.44 0.56 0.44 2000 1004 4 std_L8_lam0.44_s4
8 0.44 0.56 0.44 2000 1005 5 std_L8_lam0.44_s5
8 0.44 0.56 0.44 2000 1006 6 std_L8_lam0.44_s6
8 0.44 0.56 0.44 2000 1007 7 std_L8_lam0.44_s7
8 0.44 0.56 0.44 2000 1008 8 std_L8_lam0.44_s8
8 0.44 0.56 0.44 2000 1009 9 std_L8_lam0.44_s9
8 0.44 0.56 0.44 2000 1010 10 std_L8_lam0.44_s10
8 0.44 0.56 0.44 2000 1011 11 std_L8_lam0.44_s11
8 0.44 0.56 0.44 2000 1012 12 std_L8_lam0.44_s12
8 0.44 0.56 0.44 2000 1013 13 std_L8_lam0.44_s13
8 0.44 0.56 0.44 2000 1014 14 std_L8_lam0.44_s14
8 0.44 0.56 0.44 2000 1015 15 std_L8_lam0.44_s15
8 0.44 0.56 0.44 2000 1016 16 std_L8_lam0.44_s16
8 0.44 0.56 0.44 2000 1017 17 std_L8_lam0.44_s17
8 0.44 0.56 0.44 2000 1018 18 std_L8_lam0.44_s18
8 0.44 0.56 0.44 2000 1019 19 std_L8_lam0.44_s19
8 0.44 0.56 0.44 2000 1020 20 std_L8_lam0.44_s20
8 0.46 0.54 0.46 2000 1001 1 std_L8_lam0.46_s1
8 0.46 0.54 0.46 2000 1002 2 std_L8_lam0.46_s2
8 0.46 0.54 0.46 2000 1003 3 std_L8_lam0.46_s3
8 0.46 0.54 0.46 2000 1004 4 std_L8_lam0.46_s4
8 0.46 0.54 0.46 2000 1005 5 std_L8_lam0.46_s5
8 0.46 0.54 0.46 2000 1006 6 std_L8_lam0.46_s6
8 0.46 0.54 0.46 2000 1007 7 std_L8_lam0.46_s7
8 0.46 0.54 0.46 2000 1008 8 std_L8_lam0.46_s8
8 0.46 0.54 0.46 2000 1009 9 std_L8_lam0.46_s9
8 0.46 0.54 0.46 2000 1010 10 std_L8_lam0.46_s10
8 0.46 0.54 0.46 2000 1011 11 std_L8_lam0.46_s11
8 0.46 0.54 0.46 2000 1012 12 std_L8_lam0.46_s12
8 0.46 0.54 0.46 2000 1013 13 std_L8_lam0.46_s13
8 0.46 0.54 0.46 2000 1014 14 std_L8_lam0.46_s14
8 0.46 0.54 0.46 2000 1015 15 std_L8_lam0.46_s15
8 0.46 0.54 0.46 2000 1016 16 std_L8_lam0.46_s16
8 0.46 0.54 0.46 2000 1017 17 std_L8_lam0.46_s17
8 0.46 0.54 0.46 2000 1018 18 std_L8_lam0.46_s18
8 0.46 0.54 0.46 2000 1019 19 std_L8_lam0.46_s19
8 0.46 0.54 0.46 2000 1020 20 std_L8_lam0.46_s20
8 0.47 0.53 0.47 2000 1001 1 std_L8_lam0.47_s1
8 0.47 0.53 0.47 2000 1002 2 std_L8_lam0.47_s2
8 0.47 0.53 0.47 2000 1003 3 std_L8_lam0.47_s3
8 0.47 0.53 0.47 2000 1004 4 std_L8_lam0.47_s4
8 0.47 0.53 0.47 2000 1005 5 std_L8_lam0.47_s5
8 0.47 0.53 0.47 2000 1006 6 std_L8_lam0.47_s6
8 0.47 0.53 0.47 2000 1007 7 std_L8_lam0.47_s7
8 0.47 0.53 0.47 2000 1008 8 std_L8_lam0.47_s8
8 0.47 0.53 0.47 2000 1009 9 std_L8_lam0.47_s9
8 0.47 0.53 0.47 2000 1010 10 std_L8_lam0.47_s10
8 0.47 0.53 0.47 2000 1011 11 std_L8_lam0.47_s11
8 0.47 0.53 0.47 2000 1012 12 std_L8_lam0.47_s12
8 0.47 0.53 0.47 2000 1013 13 std_L8_lam0.47_s13
8 0.47 0.53 0.47 2000 1014 14 std_L8_lam0.47_s14
8 0.47 0.53 0.47 2000 1015 15 std_L8_lam0.47_s15
8 0.47 0.53 0.47 2000 1016 16 std_L8_lam0.47_s16
8 0.47 0.53 0.47 2000 1017 17 std_L8_lam0.47_s17
8 0.47 0.53 0.47 2000 1018 18 std_L8_lam0.47_s18
8 0.47 0.53 0.47 2000 1019 19 std_L8_lam0.47_s19
8 0.47 0.53 0.47 2000 1020 20 std_L8_lam0.47_s20
8 0.48 0.52 0.48 2000 1001 1 std_L8_lam0.48_s1
8 0.48 0.52 0.48 2000 1002 2 std_L8_lam0.48_s2
8 0.48 0.52 0.48 2000 1003 3 std_L8_lam0.48_s3
8 0.48 0.52 0.48 2000 1004 4 std_L8_lam0.48_s4
8 0.48 0.52 0.48 2000 1005 5 std_L8_lam0.48_s5
8 0.48 0.52 0.48 2000 1006 6 std_L8_lam0.48_s6
8 0.48 0.52 0.48 2000 1007 7 std_L8_lam0.48_s7
8 0.48 0.52 0.48 2000 1008 8 std_L8_lam0.48_s8
8 0.48 0.52 0.48 2000 1009 9 std_L8_lam0.48_s9
8 0.48 0.52 0.48 2000 1010 10 std_L8_lam0.48_s10
8 0.48 0.52 0.48 2000 1011 11 std_L8_lam0.48_s11
8 0.48 0.52 0.48 2000 1012 12 std_L8_lam0.48_s12
8 0.48 0.52 0.48 2000 1013 13 std_L8_lam0.48_s13
8 0.48 0.52 0.48 2000 1014 14 std_L8_lam0.48_s14
8 0.48 0.52 0.48 2000 1015 15 std_L8_lam0.48_s15
8 0.48 0.52 0.48 2000 1016 16 std_L8_lam0.48_s16
8 0.48 0.52 0.48 2000 1017 17 std_L8_lam0.48_s17
8 0.48 0.52 0.48 2000 1018 18 std_L8_lam0.48_s18
8 0.48 0.52 0.48 2000 1019 19 std_L8_lam0.48_s19
8 0.48 0.52 0.48 2000 1020 20 std_L8_lam0.48_s20
8 0.49 0.51 0.49 2000 1001 1 std_L8_lam0.49_s1
8 0.49 0.51 0.49 2000 1002 2 std_L8_lam0.49_s2
8 0.49 0.51 0.49 2000 1003 3 std_L8_lam0.49_s3
8 0.49 0.51 0.49 2000 1004 4 std_L8_lam0.49_s4
8 0.49 0.51 0.49 2000 1005 5 std_L8_lam0.49_s5
8 0.49 0.51 0.49 2000 1006 6 std_L8_lam0.49_s6
8 0.49 0.51 0.49 2000 1007 7 std_L8_lam0.49_s7
8 0.49 0.51 0.49 2000 1008 8 std_L8_lam0.49_s8
8 0.49 0.51 0.49 2000 1009 9 std_L8_lam0.49_s9
8 0.49 0.51 0.49 2000 1010 10 std_L8_lam0.49_s10
8 0.49 0.51 0.49 2000 1011 11 std_L8_lam0.49_s11
8 0.49 0.51 0.49 2000 1012 12 std_L8_lam0.49_s12
8 0.49 0.51 0.49 2000 1013 13 std_L8_lam0.49_s13
8 0.49 0.51 0.49 2000 1014 14 std_L8_lam0.49_s14
8 0.49 0.51 0.49 2000 1015 15 std_L8_lam0.49_s15
8 0.49 0.51 0.49 2000 1016 16 std_L8_lam0.49_s16
8 0.49 0.51 0.49 2000 1017 17 std_L8_lam0.49_s17
8 0.49 0.51 0.49 2000 1018 18 std_L8_lam0.49_s18
8 0.49 0.51 0.49 2000 1019 19 std_L8_lam0.49_s19
8 0.49 0.51 0.49 2000 1020 20 std_L8_lam0.49_s20
8 0.5 0.5 0.5 2000 1001 1 std_L8_lam0.5_s1
8 0.5 0.5 0.5 2000 1002 2 std_L8_lam0.5_s2
8 0.5 0.5 0.5 2000 1003 3 std_L8_lam0.5_s3
8 0.5 0.5 0.5 2000 1004 4 std_L8_lam0.5_s4
8 0.5 0.5 0.5 2000 1005 5 std_L8_lam0.5_s5
8 0.5 0.5 0.5 2000 1006 6 std_L8_lam0.5_s6
8 0.5 0.5 0.5 2000 1007 7 std_L8_lam0.5_s7
8 0.5 0.5 0.5 2000 1008 8 std_L8_lam0.5_s8
8 0.5 0.5 0.5 2000 1009 9 std_L8_lam0.5_s9
8 0.5 0.5 0.5 2000 1010 10 std_L8_lam0.5_s10
8 0.5 0.5 0.5 2000 1011 11 std_L8_lam0.5_s11
8 0.5 0.5 0.5 2000 1012 12 std_L8_lam0.5_s12
8 0.5 0.5 0.5 2000 1013 13 std_L8_lam0.5_s13
8 0.5 0.5 0.5 2000 1014 14 std_L8_lam0.5_s14
8 0.5 0.5 0.5 2000 1015 15 std_L8_lam0.5_s15
8 0.5 0.5 0.5 2000 1016 16 std_L8_lam0.5_s16
8 0.5 0.5 0.5 2000 1017 17 std_L8_lam0.5_s17
8 0.5 0.5 0.5 2000 1018 18 std_L8_lam0.5_s18
8 0.5 0.5 0.5 2000 1019 19 std_L8_lam0.5_s19
8 0.5 0.5 0.5 2000 1020 20 std_L8_lam0.5_s20
8 0.51 0.49 0.51 2000 1001 1 std_L8_lam0.51_s1
8 0.51 0.49 0.51 2000 1002 2 std_L8_lam0.51_s2
8 0.51 0.49 0.51 2000 1003 3 std_L8_lam0.51_s3
8 0.51 0.49 0.51 2000 1004 4 std_L8_lam0.51_s4
8 0.51 0.49 0.51 2000 1005 5 std_L8_lam0.51_s5
8 0.51 0.49 0.51 2000 1006 6 std_L8_lam0.51_s6
8 0.51 0.49 0.51 2000 1007 7 std_L8_lam0.51_s7
8 0.51 0.49 0.51 2000 1008 8 std_L8_lam0.51_s8
8 0.51 0.49 0.51 2000 1009 9 std_L8_lam0.51_s9
8 0.51 0.49 0.51 2000 1010 10 std_L8_lam0.51_s10
8 0.51 0.49 0.51 2000 1011 11 std_L8_lam0.51_s11
8 0.51 0.49 0.51 2000 1012 12 std_L8_lam0.51_s12
8 0.51 0.49 0.51 2000 1013 13 std_L8_lam0.51_s13
8 0.51 0.49 0.51 2000 1014 14 std_L8_lam0.51_s14
8 0.51 0.49 0.51 2000 1015 15 std_L8_lam0.51_s15
8 0.51 0.49 0.51 2000 1016 16 std_L8_lam0.51_s16
8 0.51 0.49 0.51 2000 1017 17 std_L8_lam0.51_s17
8 0.51 0.49 0.51 2000 1018 18 std_L8_lam0.51_s18
8 0.51 0.49 0.51 2000 1019 19 std_L8_lam0.51_s19
8 0.51 0.49 0.51 2000 1020 20 std_L8_lam0.51_s20
8 0.52 0.48 0.52 2000 1001 1 std_L8_lam0.52_s1
8 0.52 0.48 0.52 2000 1002 2 std_L8_lam0.52_s2
8 0.52 0.48 0.52 2000 1003 3 std_L8_lam0.52_s3
8 0.52 0.48 0.52 2000 1004 4 std_L8_lam0.52_s4
8 0.52 0.48 0.52 2000 1005 5 std_L8_lam0.52_s5
8 0.52 0.48 0.52 2000 1006 6 std_L8_lam0.52_s6
8 0.52 0.48 0.52 2000 1007 7 std_L8_lam0.52_s7
8 0.52 0.48 0.52 2000 1008 8 std_L8_lam0.52_s8
8 0.52 0.48 0.52 2000 1009 9 std_L8_lam0.52_s9
8 0.52 0.48 0.52 2000 1010 10 std_L8_lam0.52_s10
8 0.52 0.48 0.52 2000 1011 11 std_L8_lam0.52_s11
8 0.52 0.48 0.52 2000 1012 12 std_L8_lam0.52_s12
8 0.52 0.48 0.52 2000 1013 13 std_L8_lam0.52_s13
8 0.52 0.48 0.52 2000 1014 14 std_L8_lam0.52_s14
8 0.52 0.48 0.52 2000 1015 15 std_L8_lam0.52_s15
8 0.52 0.48 0.52 2000 1016 16 std_L8_lam0.52_s16
8 0.52 0.48 0.52 2000 1017 17 std_L8_lam0.52_s17
8 0.52 0.48 0.52 2000 1018 18 std_L8_lam0.52_s18
8 0.52 0.48 0.52 2000 1019 19 std_L8_lam0.52_s19
8 0.52 0.48 0.52 2000 1020 20 std_L8_lam0.52_s20
8 0.53 0.47 0.53 2000 1001 1 std_L8_lam0.53_s1
8 0.53 0.47 0.53 2000 1002 2 std_L8_lam0.53_s2
8 0.53 0.47 0.53 2000 1003 3 std_L8_lam0.53_s3
8 0.53 0.47 0.53 2000 1004 4 std_L8_lam0.53_s4
8 0.53 0.47 0.53 2000 1005 5 std_L8_lam0.53_s5
8 0.53 0.47 0.53 2000 1006 6 std_L8_lam0.53_s6
8 0.53 0.47 0.53 2000 1007 7 std_L8_lam0.53_s7
8 0.53 0.47 0.53 2000 1008 8 std_L8_lam0.53_s8
8 0.53 0.47 0.53 2000 1009 9 std_L8_lam0.53_s9
8 0.53 0.47 0.53 2000 1010 10 std_L8_lam0.53_s10
8 0.53 0.47 0.53 2000 1011 11 std_L8_lam0.53_s11
8 0.53 0.47 0.53 2000 1012 12 std_L8_lam0.53_s12
8 0.53 0.47 0.53 2000 1013 13 std_L8_lam0.53_s13
8 0.53 0.47 0.53 2000 1014 14 std_L8_lam0.53_s14
8 0.53 0.47 0.53 2000 1015 15 std_L8_lam0.53_s15
8 0.53 0.47 0.53 2000 1016 16 std_L8_lam0.53_s16
8 0.53 0.47 0.53 2000 1017 17 std_L8_lam0.53_s17
8 0.53 0.47 0.53 2000 1018 18 std_L8_lam0.53_s18
8 0.53 0.47 0.53 2000 1019 19 std_L8_lam0.53_s19
8 0.53 0.47 0.53 2000 1020 20 std_L8_lam0.53_s20
8 0.54 0.45999999999999996 0.54 2000 1001 1 std_L8_lam0.54_s1
8 0.54 0.45999999999999996 0.54 2000 1002 2 std_L8_lam0.54_s2
8 0.54 0.45999999999999996 0.54 2000 1003 3 std_L8_lam0.54_s3
8 0.54 0.45999999999999996 0.54 2000 1004 4 std_L8_lam0.54_s4
8 0.54 0.45999999999999996 0.54 2000 1005 5 std_L8_lam0.54_s5
8 0.54 0.45999999999999996 0.54 2000 1006 6 std_L8_lam0.54_s6
8 0.54 0.45999999999999996 0.54 2000 1007 7 std_L8_lam0.54_s7
8 0.54 0.45999999999999996 0.54 2000 1008 8 std_L8_lam0.54_s8
8 0.54 0.45999999999999996 0.54 2000 1009 9 std_L8_lam0.54_s9
8 0.54 0.45999999999999996 0.54 2000 1010 10 std_L8_lam0.54_s10
8 0.54 0.45999999999999996 0.54 2000 1011 11 std_L8_lam0.54_s11
8 0.54 0.45999999999999996 0.54 2000 1012 12 std_L8_lam0.54_s12
8 0.54 0.45999999999999996 0.54 2000 1013 13 std_L8_lam0.54_s13
8 0.54 0.45999999999999996 0.54 2000 1014 14 std_L8_lam0.54_s14
8 0.54 0.45999999999999996 0.54 2000 1015 15 std_L8_lam0.54_s15
8 0.54 0.45999999999999996 0.54 2000 1016 16 std_L8_lam0.54_s16
8 0.54 0.45999999999999996 0.54 2000 1017 17 std_L8_lam0.54_s17
8 0.54 0.45999999999999996 0.54 2000 1018 18 std_L8_lam0.54_s18
8 0.54 0.45999999999999996 0.54 2000 1019 19 std_L8_lam0.54_s19
8 0.54 0.45999999999999996 0.54 2000 1020 20 std_L8_lam0.54_s20
8 0.55 0.44999999999999996 0.55 2000 1001 1 std_L8_lam0.55_s1
8 0.55 0.44999999999999996 0.55 2000 1002 2 std_L8_lam0.55_s2
8 0.55 0.44999999999999996 0.55 2000 1003 3 std_L8_lam0.55_s3
8 0.55 0.44999999999999996 0.55 2000 1004 4 std_L8_lam0.55_s4
8 0.55 0.44999999999999996 0.55 2000 1005 5 std_L8_lam0.55_s5
8 0.55 0.44999999999999996 0.55 2000 1006 6 std_L8_lam0.55_s6
8 0.55 0.44999999999999996 0.55 2000 1007 7 std_L8_lam0.55_s7
8 0.55 0.44999999999999996 0.55 2000 1008 8 std_L8_lam0.55_s8
8 0.55 0.44999999999999996 0.55 2000 1009 9 std_L8_lam0.55_s9
8 0.55 0.44999999999999996 0.55 2000 1010 10 std_L8_lam0.55_s10
8 0.55 0.44999999999999996 0.55 2000 1011 11 std_L8_lam0.55_s11
8 0.55 0.44999999999999996 0.55 2000 1012 12 std_L8_lam0.55_s12
8 0.55 0.44999999999999996 0.55 2000 1013 13 std_L8_lam0.55_s13
8 0.55 0.44999999999999996 0.55 2000 1014 14 std_L8_lam0.55_s14
8 0.55 0.44999999999999996 0.55 2000 1015 15 std_L8_lam0.55_s15
8 0.55 0.44999999999999996 0.55 2000 1016 16 std_L8_lam0.55_s16
8 0.55 0.44999999999999996 0.55 2000 1017 17 std_L8_lam0.55_s17
8 0.55 0.44999999999999996 0.55 2000 1018 18 std_L8_lam0.55_s18
8 0.55 0.44999999999999996 0.55 2000 1019 19 std_L8_lam0.55_s19
8 0.55 0.44999999999999996 0.55 2000 1020 20 std_L8_lam0.55_s20
8 0.6 0.4 0.6 2000 1001 1 std_L8_lam0.6_s1
8 0.6 0.4 0.6 2000 1002 2 std_L8_lam0.6_s2
8 0.6 0.4 0.6 2000 1003 3 std_L8_lam0.6_s3
8 0.6 0.4 0.6 2000 1004 4 std_L8_lam0.6_s4
8 0.6 0.4 0.6 2000 1005 5 std_L8_lam0.6_s5
8 0.6 0.4 0.6 2000 1006 6 std_L8_lam0.6_s6
8 0.6 0.4 0.6 2000 1007 7 std_L8_lam0.6_s7
8 0.6 0.4 0.6 2000 1008 8 std_L8_lam0.6_s8
8 0.6 0.4 0.6 2000 1009 9 std_L8_lam0.6_s9
8 0.6 0.4 0.6 2000 1010 10 std_L8_lam0.6_s10
8 0.6 0.4 0.6 2000 1011 11 std_L8_lam0.6_s11
8 0.6 0.4 0.6 2000 1012 12 std_L8_lam0.6_s12
8 0.6 0.4 0.6 2000 1013 13 std_L8_lam0.6_s13
8 0.6 0.4 0.6 2000 1014 14 std_L8_lam0.6_s14
8 0.6 0.4 0.6 2000 1015 15 std_L8_lam0.6_s15
8 0.6 0.4 0.6 2000 1016 16 std_L8_lam0.6_s16
8 0.6 0.4 0.6 2000 1017 17 std_L8_lam0.6_s17
8 0.6 0.4 0.6 2000 1018 18 std_L8_lam0.6_s18
8 0.6 0.4 0.6 2000 1019 19 std_L8_lam0.6_s19
8 0.6 0.4 0.6 2000 1020 20 std_L8_lam0.6_s20
8 0.65 0.35 0.65 2000 1001 1 std_L8_lam0.65_s1
8 0.65 0.35 0.65 2000 1002 2 std_L8_lam0.65_s2
8 0.65 0.35 0.65 2000 1003 3 std_L8_lam0.65_s3
8 0.65 0.35 0.65 2000 1004 4 std_L8_lam0.65_s4
8 0.65 0.35 0.65 2000 1005 5 std_L8_lam0.65_s5
8 0.65 0.35 0.65 2000 1006 6 std_L8_lam0.65_s6
8 0.65 0.35 0.65 2000 1007 7 std_L8_lam0.65_s7
8 0.65 0.35 0.65 2000 1008 8 std_L8_lam0.65_s8
8 0.65 0.35 0.65 2000 1009 9 std_L8_lam0.65_s9
8 0.65 0.35 0.65 2000 1010 10 std_L8_lam0.65_s10
8 0.65 0.35 0.65 2000 1011 11 std_L8_lam0.65_s11
8 0.65 0.35 0.65 2000 1012 12 std_L8_lam0.65_s12
8 0.65 0.35 0.65 2000 1013 13 std_L8_lam0.65_s13
8 0.65 0.35 0.65 2000 1014 14 std_L8_lam0.65_s14
8 0.65 0.35 0.65 2000 1015 15 std_L8_lam0.65_s15
8 0.65 0.35 0.65 2000 1016 16 std_L8_lam0.65_s16
8 0.65 0.35 0.65 2000 1017 17 std_L8_lam0.65_s17
8 0.65 0.35 0.65 2000 1018 18 std_L8_lam0.65_s18
8 0.65 0.35 0.65 2000 1019 19 std_L8_lam0.65_s19
8 0.65 0.35 0.65 2000 1020 20 std_L8_lam0.65_s20
8 0.7 0.30000000000000004 0.7 2000 1001 1 std_L8_lam0.7_s1
8 0.7 0.30000000000000004 0.7 2000 1002 2 std_L8_lam0.7_s2
8 0.7 0.30000000000000004 0.7 2000 1003 3 std_L8_lam0.7_s3
8 0.7 0.30000000000000004 0.7 2000 1004 4 std_L8_lam0.7_s4
8 0.7 0.30000000000000004 0.7 2000 1005 5 std_L8_lam0.7_s5
8 0.7 0.30000000000000004 0.7 2000 1006 6 std_L8_lam0.7_s6
8 0.7 0.30000000000000004 0.7 2000 1007 7 std_L8_lam0.7_s7
8 0.7 0.30000000000000004 0.7 2000 1008 8 std_L8_lam0.7_s8
8 0.7 0.30000000000000004 0.7 2000 1009 9 std_L8_lam0.7_s9
8 0.7 0.30000000000000004 0.7 2000 1010 10 std_L8_lam0.7_s10
8 0.7 0.30000000000000004 0.7 2000 1011 11 std_L8_lam0.7_s11
8 0.7 0.30000000000000004 0.7 2000 1012 12 std_L8_lam0.7_s12
8 0.7 0.30000000000000004 0.7 2000 1013 13 std_L8_lam0.7_s13
8 0.7 0.30000000000000004 0.7 2000 1014 14 std_L8_lam0.7_s14
8 0.7 0.30000000000000004 0.7 2000 1015 15 std_L8_lam0.7_s15
8 0.7 0.30000000000000004 0.7 2000 1016 16 std_L8_lam0.7_s16
8 0.7 0.30000000000000004 0.7 2000 1017 17 std_L8_lam0.7_s17
8 0.7 0.30000000000000004 0.7 2000 1018 18 std_L8_lam0.7_s18
8 0.7 0.30000000000000004 0.7 2000 1019 19 std_L8_lam0.7_s19
8 0.7 0.30000000000000004 0.7 2000 1020 20 std_L8_lam0.7_s20
8 0.8 0.19999999999999996 0.8 2000 1001 1 std_L8_lam0.8_s1
8 0.8 0.19999999999999996 0.8 2000 1002 2 std_L8_lam0.8_s2
8 0.8 0.19999999999999996 0.8 2000 1003 3 std_L8_lam0.8_s3
8 0.8 0.19999999999999996 0.8 2000 1004 4 std_L8_lam0.8_s4
8 0.8 0.19999999999999996 0.8 2000 1005 5 std_L8_lam0.8_s5
8 0.8 0.19999999999999996 0.8 2000 1006 6 std_L8_lam0.8_s6
8 0.8 0.19999999999999996 0.8 2000 1007 7 std_L8_lam0.8_s7
8 0.8 0.19999999999999996 0.8 2000 1008 8 std_L8_lam0.8_s8
8 0.8 0.19999999999999996 0.8 2000 1009 9 std_L8_lam0.8_s9
8 0.8 0.19999999999999996 0.8 2000 1010 10 std_L8_lam0.8_s10
8 0.8 0.19999999999999996 0.8 2000 1011 11 std_L8_lam0.8_s11
8 0.8 0.19999999999999996 0.8 2000 1012 12 std_L8_lam0.8_s12
8 0.8 0.19999999999999996 0.8 2000 1013 13 std_L8_lam0.8_s13
8 0.8 0.19999999999999996 0.8 2000 1014 14 std_L8_lam0.8_s14
8 0.8 0.19999999999999996 0.8 2000 1015 15 std_L8_lam0.8_s15
8 0.8 0.19999999999999996 0.8 2000 1016 16 std_L8_lam0.8_s16
8 0.8 0.19999999999999996 0.8 2000 1017 17 std_L8_lam0.8_s17
8 0.8 0.19999999999999996 0.8 2000 1018 18 std_L8_lam0.8_s18
8 0.8 0.19999999999999996 0.8 2000 1019 19 std_L8_lam0.8_s19
8 0.8 0.19999999999999996 0.8 2000 1020 20 std_L8_lam0.8_s20
8 0.9 0.09999999999999998 0.9 2000 1001 1 std_L8_lam0.9_s1
8 0.9 0.09999999999999998 0.9 2000 1002 2 std_L8_lam0.9_s2
8 0.9 0.09999999999999998 0.9 2000 1003 3 std_L8_lam0.9_s3
8 0.9 0.09999999999999998 0.9 2000 1004 4 std_L8_lam0.9_s4
8 0.9 0.09999999999999998 0.9 2000 1005 5 std_L8_lam0.9_s5
8 0.9 0.09999999999999998 0.9 2000 1006 6 std_L8_lam0.9_s6
8 0.9 0.09999999999999998 0.9 2000 1007 7 std_L8_lam0.9_s7
8 0.9 0.09999999999999998 0.9 2000 1008 8 std_L8_lam0.9_s8
8 0.9 0.09999999999999998 0.9 2000 1009 9 std_L8_lam0.9_s9
8 0.9 0.09999999999999998 0.9 2000 1010 10 std_L8_lam0.9_s10
8 0.9 0.09999999999999998 0.9 2000 1011 11 std_L8_lam0.9_s11
8 0.9 0.09999999999999998 0.9 2000 1012 12 std_L8_lam0.9_s12
8 0.9 0.09999999999999998 0.9 2000 1013 13 std_L8_lam0.9_s13
8 0.9 0.09999999999999998 0.9 2000 1014 14 std_L8_lam0.9_s14
8 0.9 0.09999999999999998 0.9 2000 1015 15 std_L8_lam0.9_s15
8 0.9 0.09999999999999998 0.9 2000 1016 16 std_L8_lam0.9_s16
8 0.9 0.09999999999999998 0.9 2000 1017 17 std_L8_lam0.9_s17
8 0.9 0.09999999999999998 0.9 2000 1018 18 std_L8_lam0.9_s18
8 0.9 0.09999999999999998 0.9 2000 1019 19 std_L8_lam0.9_s19
8 0.9 0.09999999999999998 0.9 2000 1020 20 std_L8_lam0.9_s20
10 0.1 0.9 0.1 2000 1001 1 std_L10_lam0.1_s1
10 0.1 0.9 0.1 2000 1002 2 std_L10_lam0.1_s2
10 0.1 0.9 0.1 2000 1003 3 std_L10_lam0.1_s3
10 0.1 0.9 0.1 2000 1004 4 std_L10_lam0.1_s4
10 0.1 0.9 0.1 2000 1005 5 std_L10_lam0.1_s5
10 0.1 0.9 0.1 2000 1006 6 std_L10_lam0.1_s6
10 0.1 0.9 0.1 2000 1007 7 std_L10_lam0.1_s7
10 0.1 0.9 0.1 2000 1008 8 std_L10_lam0.1_s8
10 0.1 0.9 0.1 2000 1009 9 std_L10_lam0.1_s9
10 0.1 0.9 0.1 2000 1010 10 std_L10_lam0.1_s10
10 0.1 0.9 0.1 2000 1011 11 std_L10_lam0.1_s11
10 0.1 0.9 0.1 2000 1012 12 std_L10_lam0.1_s12
10 0.1 0.9 0.1 2000 1013 13 std_L10_lam0.1_s13
10 0.1 0.9 0.1 2000 1014 14 std_L10_lam0.1_s14
10 0.1 0.9 0.1 2000 1015 15 std_L10_lam0.1_s15
10 0.1 0.9 0.1 2000 1016 16 std_L10_lam0.1_s16
10 0.1 0.9 0.1 2000 1017 17 std_L10_lam0.1_s17
10 0.1 0.9 0.1 2000 1018 18 std_L10_lam0.1_s18
10 0.1 0.9 0.1 2000 1019 19 std_L10_lam0.1_s19
10 0.1 0.9 0.1 2000 1020 20 std_L10_lam0.1_s20
10 0.2 0.8 0.2 2000 1001 1 std_L10_lam0.2_s1
10 0.2 0.8 0.2 2000 1002 2 std_L10_lam0.2_s2
10 0.2 0.8 0.2 2000 1003 3 std_L10_lam0.2_s3
10 0.2 0.8 0.2 2000 1004 4 std_L10_lam0.2_s4
10 0.2 0.8 0.2 2000 1005 5 std_L10_lam0.2_s5
10 0.2 0.8 0.2 2000 1006 6 std_L10_lam0.2_s6
10 0.2 0.8 0.2 2000 1007 7 std_L10_lam0.2_s7
10 0.2 0.8 0.2 2000 1008 8 std_L10_lam0.2_s8
10 0.2 0.8 0.2 2000 1009 9 std_L10_lam0.2_s9
10 0.2 0.8 0.2 2000 1010 10 std_L10_lam0.2_s10
10 0.2 0.8 0.2 2000 1011 11 std_L10_lam0.2_s11
10 0.2 0.8 0.2 2000 1012 12 std_L10_lam0.2_s12
10 0.2 0.8 0.2 2000 1013 13 std_L10_lam0.2_s13
10 0.2 0.8 0.2 2000 1014 14 std_L10_lam0.2_s14
10 0.2 0.8 0.2 2000 1015 15 std_L10_lam0.2_s15
10 0.2 0.8 0.2 2000 1016 16 std_L10_lam0.2_s16
10 0.2 0.8 0.2 2000 1017 17 std_L10_lam0.2_s17
10 0.2 0.8 0.2 2000 1018 18 std_L10_lam0.2_s18
10 0.2 0.8 0.2 2000 1019 19 std_L10_lam0.2_s19
10 0.2 0.8 0.2 2000 1020 20 std_L10_lam0.2_s20
10 0.3 0.7 0.3 2000 1001 1 std_L10_lam0.3_s1
10 0.3 0.7 0.3 2000 1002 2 std_L10_lam0.3_s2
10 0.3 0.7 0.3 2000 1003 3 std_L10_lam0.3_s3
10 0.3 0.7 0.3 2000 1004 4 std_L10_lam0.3_s4
10 0.3 0.7 0.3 2000 1005 5 std_L10_lam0.3_s5
10 0.3 0.7 0.3 2000 1006 6 std_L10_lam0.3_s6
10 0.3 0.7 0.3 2000 1007 7 std_L10_lam0.3_s7
10 0.3 0.7 0.3 2000 1008 8 std_L10_lam0.3_s8
10 0.3 0.7 0.3 2000 1009 9 std_L10_lam0.3_s9
10 0.3 0.7 0.3 2000 1010 10 std_L10_lam0.3_s10
10 0.3 0.7 0.3 2000 1011 11 std_L10_lam0.3_s11
10 0.3 0.7 0.3 2000 1012 12 std_L10_lam0.3_s12
10 0.3 0.7 0.3 2000 1013 13 std_L10_lam0.3_s13
10 0.3 0.7 0.3 2000 1014 14 std_L10_lam0.3_s14
10 0.3 0.7 0.3 2000 1015 15 std_L10_lam0.3_s15
10 0.3 0.7 0.3 2000 1016 16 std_L10_lam0.3_s16
10 0.3 0.7 0.3 2000 1017 17 std_L10_lam0.3_s17
10 0.3 0.7 0.3 2000 1018 18 std_L10_lam0.3_s18
10 0.3 0.7 0.3 2000 1019 19 std_L10_lam0.3_s19
10 0.3 0.7 0.3 2000 1020 20 std_L10_lam0.3_s20
10 0.35 0.65 0.35 2000 1001 1 std_L10_lam0.35_s1
10 0.35 0.65 0.35 2000 1002 2 std_L10_lam0.35_s2
10 0.35 0.65 0.35 2000 1003 3 std_L10_lam0.35_s3
10 0.35 0.65 0.35 2000 1004 4 std_L10_lam0.35_s4
10 0.35 0.65 0.35 2000 1005 5 std_L10_lam0.35_s5
10 0.35 0.65 0.35 2000 1006 6 std_L10_lam0.35_s6
10 0.35 0.65 0.35 2000 1007 7 std_L10_lam0.35_s7
10 0.35 0.65 0.35 2000 1008 8 std_L10_lam0.35_s8
10 0.35 0.65 0.35 2000 1009 9 std_L10_lam0.35_s9
10 0.35 0.65 0.35 2000 1010 10 std_L10_lam0.35_s10
10 0.35 0.65 0.35 2000 1011 11 std_L10_lam0.35_s11
10 0.35 0.65 0.35 2000 1012 12 std_L10_lam0.35_s12
10 0.35 0.65 0.35 2000 1013 13 std_L10_lam0.35_s13
10 0.35 0.65 0.35 2000 1014 14 std_L10_lam0.35_s14
10 0.35 0.65 0.35 2000 1015 15 std_L10_lam0.35_s15
10 0.35 0.65 0.35 2000 1016 16 std_L10_lam0.35_s16
10 0.35 0.65 0.35 2000 1017 17 std_L10_lam0.35_s17
10 0.35 0.65 0.35 2000 1018 18 std_L10_lam0.35_s18
10 0.35 0.65 0.35 2000 1019 19 std_L10_lam0.35_s19
10 0.35 0.65 0.35 2000 1020 20 std_L10_lam0.35_s20
10 0.4 0.6 0.4 2000 1001 1 std_L10_lam0.4_s1
10 0.4 0.6 0.4 2000 1002 2 std_L10_lam0.4_s2
10 0.4 0.6 0.4 2000 1003 3 std_L10_lam0.4_s3
10 0.4 0.6 0.4 2000 1004 4 std_L10_lam0.4_s4
10 0.4 0.6 0.4 2000 1005 5 std_L10_lam0.4_s5
10 0.4 0.6 0.4 2000 1006 6 std_L10_lam0.4_s6
10 0.4 0.6 0.4 2000 1007 7 std_L10_lam0.4_s7
10 0.4 0.6 0.4 2000 1008 8 std_L10_lam0.4_s8
10 0.4 0.6 0.4 2000 1009 9 std_L10_lam0.4_s9
10 0.4 0.6 0.4 2000 1010 10 std_L10_lam0.4_s10
10 0.4 0.6 0.4 2000 1011 11 std_L10_lam0.4_s11
10 0.4 0.6 0.4 2000 1012 12 std_L10_lam0.4_s12
10 0.4 0.6 0.4 2000 1013 13 std_L10_lam0.4_s13
10 0.4 0.6 0.4 2000 1014 14 std_L10_lam0.4_s14
10 0.4 0.6 0.4 2000 1015 15 std_L10_lam0.4_s15
10 0.4 0.6 0.4 2000 1016 16 std_L10_lam0.4_s16
10 0.4 0.6 0.4 2000 1017 17 std_L10_lam0.4_s17
10 0.4 0.6 0.4 2000 1018 18 std_L10_lam0.4_s18
10 0.4 0.6 0.4 2000 1019 19 std_L10_lam0.4_s19
10 0.4 0.6 0.4 2000 1020 20 std_L10_lam0.4_s20
10 0.42 0.5800000000000001 0.42 2000 1001 1 std_L10_lam0.42_s1
10 0.42 0.5800000000000001 0.42 2000 1002 2 std_L10_lam0.42_s2
10 0.42 0.5800000000000001 0.42 2000 1003 3 std_L10_lam0.42_s3
10 0.42 0.5800000000000001 0.42 2000 1004 4 std_L10_lam0.42_s4
10 0.42 0.5800000000000001 0.42 2000 1005 5 std_L10_lam0.42_s5
10 0.42 0.5800000000000001 0.42 2000 1006 6 std_L10_lam0.42_s6
10 0.42 0.5800000000000001 0.42 2000 1007 7 std_L10_lam0.42_s7
10 0.42 0.5800000000000001 0.42 2000 1008 8 std_L10_lam0.42_s8
10 0.42 0.5800000000000001 0.42 2000 1009 9 std_L10_lam0.42_s9
10 0.42 0.5800000000000001 0.42 2000 1010 10 std_L10_lam0.42_s10
10 0.42 0.5800000000000001 0.42 2000 1011 11 std_L10_lam0.42_s11
10 0.42 0.5800000000000001 0.42 2000 1012 12 std_L10_lam0.42_s12
10 0.42 0.5800000000000001 0.42 2000 1013 13 std_L10_lam0.42_s13
10 0.42 0.5800000000000001 0.42 2000 1014 14 std_L10_lam0.42_s14
10 0.42 0.5800000000000001 0.42 2000 1015 15 std_L10_lam0.42_s15
10 0.42 0.5800000000000001 0.42 2000 1016 16 std_L10_lam0.42_s16
10 0.42 0.5800000000000001 0.42 2000 1017 17 std_L10_lam0.42_s17
10 0.42 0.5800000000000001 0.42 2000 1018 18 std_L10_lam0.42_s18
10 0.42 0.5800000000000001 0.42 2000 1019 19 std_L10_lam0.42_s19
10 0.42 0.5800000000000001 0.42 2000 1020 20 std_L10_lam0.42_s20
10 0.44 0.56 0.44 2000 1001 1 std_L10_lam0.44_s1
10 0.44 0.56 0.44 2000 1002 2 std_L10_lam0.44_s2
10 0.44 0.56 0.44 2000 1003 3 std_L10_lam0.44_s3
10 0.44 0.56 0.44 2000 1004 4 std_L10_lam0.44_s4
10 0.44 0.56 0.44 2000 1005 5 std_L10_lam0.44_s5
10 0.44 0.56 0.44 2000 1006 6 std_L10_lam0.44_s6
10 0.44 0.56 0.44 2000 1007 7 std_L10_lam0.44_s7
10 0.44 0.56 0.44 2000 1008 8 std_L10_lam0.44_s8
10 0.44 0.56 0.44 2000 1009 9 std_L10_lam0.44_s9
10 0.44 0.56 0.44 2000 1010 10 std_L10_lam0.44_s10
10 0.44 0.56 0.44 2000 1011 11 std_L10_lam0.44_s11
10 0.44 0.56 0.44 2000 1012 12 std_L10_lam0.44_s12
10 0.44 0.56 0.44 2000 1013 13 std_L10_lam0.44_s13
10 0.44 0.56 0.44 2000 1014 14 std_L10_lam0.44_s14
10 0.44 0.56 0.44 2000 1015 15 std_L10_lam0.44_s15
10 0.44 0.56 0.44 2000 1016 16 std_L10_lam0.44_s16
10 0.44 0.56 0.44 2000 1017 17 std_L10_lam0.44_s17
10 0.44 0.56 0.44 2000 1018 18 std_L10_lam0.44_s18
10 0.44 0.56 0.44 2000 1019 19 std_L10_lam0.44_s19
10 0.44 0.56 0.44 2000 1020 20 std_L10_lam0.44_s20
10 0.46 0.54 0.46 2000 1001 1 std_L10_lam0.46_s1
10 0.46 0.54 0.46 2000 1002 2 std_L10_lam0.46_s2
10 0.46 0.54 0.46 2000 1003 3 std_L10_lam0.46_s3
10 0.46 0.54 0.46 2000 1004 4 std_L10_lam0.46_s4
10 0.46 0.54 0.46 2000 1005 5 std_L10_lam0.46_s5
10 0.46 0.54 0.46 2000 1006 6 std_L10_lam0.46_s6
10 0.46 0.54 0.46 2000 1007 7 std_L10_lam0.46_s7
10 0.46 0.54 0.46 2000 1008 8 std_L10_lam0.46_s8
10 0.46 0.54 0.46 2000 1009 9 std_L10_lam0.46_s9
10 0.46 0.54 0.46 2000 1010 10 std_L10_lam0.46_s10
10 0.46 0.54 0.46 2000 1011 11 std_L10_lam0.46_s11
10 0.46 0.54 0.46 2000 1012 12 std_L10_lam0.46_s12
10 0.46 0.54 0.46 2000 1013 13 std_L10_lam0.46_s13
10 0.46 0.54 0.46 2000 1014 14 std_L10_lam0.46_s14
10 0.46 0.54 0.46 2000 1015 15 std_L10_lam0.46_s15
10 0.46 0.54 0.46 2000 1016 16 std_L10_lam0.46_s16
10 0.46 0.54 0.46 2000 1017 17 std_L10_lam0.46_s17
10 0.46 0.54 0.46 2000 1018 18 std_L10_lam0.46_s18
10 0.46 0.54 0.46 2000 1019 19 std_L10_lam0.46_s19
10 0.46 0.54 0.46 2000 1020 20 std_L10_lam0.46_s20
10 0.47 0.53 0.47 2000 1001 1 std_L10_lam0.47_s1
10 0.47 0.53 0.47 2000 1002 2 std_L10_lam0.47_s2
10 0.47 0.53 0.47 2000 1003 3 std_L10_lam0.47_s3
10 0.47 0.53 0.47 2000 1004 4 std_L10_lam0.47_s4
10 0.47 0.53 0.47 2000 1005 5 std_L10_lam0.47_s5
10 0.47 0.53 0.47 2000 1006 6 std_L10_lam0.47_s6
10 0.47 0.53 0.47 2000 1007 7 std_L10_lam0.47_s7
10 0.47 0.53 0.47 2000 1008 8 std_L10_lam0.47_s8
10 0.47 0.53 0.47 2000 1009 9 std_L10_lam0.47_s9
10 0.47 0.53 0.47 2000 1010 10 std_L10_lam0.47_s10
10 0.47 0.53 0.47 2000 1011 11 std_L10_lam0.47_s11
10 0.47 0.53 0.47 2000 1012 12 std_L10_lam0.47_s12
10 0.47 0.53 0.47 2000 1013 13 std_L10_lam0.47_s13
10 0.47 0.53 0.47 2000 1014 14 std_L10_lam0.47_s14
10 0.47 0.53 0.47 2000 1015 15 std_L10_lam0.47_s15
10 0.47 0.53 0.47 2000 1016 16 std_L10_lam0.47_s16
10 0.47 0.53 0.47 2000 1017 17 std_L10_lam0.47_s17
10 0.47 0.53 0.47 2000 1018 18 std_L10_lam0.47_s18
10 0.47 0.53 0.47 2000 1019 19 std_L10_lam0.47_s19
10 0.47 0.53 0.47 2000 1020 20 std_L10_lam0.47_s20
10 0.48 0.52 0.48 2000 1001 1 std_L10_lam0.48_s1
10 0.48 0.52 0.48 2000 1002 2 std_L10_lam0.48_s2
10 0.48 0.52 0.48 2000 1003 3 std_L10_lam0.48_s3
10 0.48 0.52 0.48 2000 1004 4 std_L10_lam0.48_s4
10 0.48 0.52 0.48 2000 1005 5 std_L10_lam0.48_s5
10 0.48 0.52 0.48 2000 1006 6 std_L10_lam0.48_s6
10 0.48 0.52 0.48 2000 1007 7 std_L10_lam0.48_s7
10 0.48 0.52 0.48 2000 1008 8 std_L10_lam0.48_s8
10 0.48 0.52 0.48 2000 1009 9 std_L10_lam0.48_s9
10 0.48 0.52 0.48 2000 1010 10 std_L10_lam0.48_s10
10 0.48 0.52 0.48 2000 1011 11 std_L10_lam0.48_s11
10 0.48 0.52 0.48 2000 1012 12 std_L10_lam0.48_s12
10 0.48 0.52 0.48 2000 1013 13 std_L10_lam0.48_s13
10 0.48 0.52 0.48 2000 1014 14 std_L10_lam0.48_s14
10 0.48 0.52 0.48 2000 1015 15 std_L10_lam0.48_s15
10 0.48 0.52 0.48 2000 1016 16 std_L10_lam0.48_s16
10 0.48 0.52 0.48 2000 1017 17 std_L10_lam0.48_s17
10 0.48 0.52 0.48 2000 1018 18 std_L10_lam0.48_s18
10 0.48 0.52 0.48 2000 1019 19 std_L10_lam0.48_s19
10 0.48 0.52 0.48 2000 1020 20 std_L10_lam0.48_s20
10 0.49 0.51 0.49 2000 1001 1 std_L10_lam0.49_s1
10 0.49 0.51 0.49 2000 1002 2 std_L10_lam0.49_s2
10 0.49 0.51 0.49 2000 1003 3 std_L10_lam0.49_s3
10 0.49 0.51 0.49 2000 1004 4 std_L10_lam0.49_s4
10 0.49 0.51 0.49 2000 1005 5 std_L10_lam0.49_s5
10 0.49 0.51 0.49 2000 1006 6 std_L10_lam0.49_s6
10 0.49 0.51 0.49 2000 1007 7 std_L10_lam0.49_s7
10 0.49 0.51 0.49 2000 1008 8 std_L10_lam0.49_s8
10 0.49 0.51 0.49 2000 1009 9 std_L10_lam0.49_s9
10 0.49 0.51 0.49 2000 1010 10 std_L10_lam0.49_s10
10 0.49 0.51 0.49 2000 1011 11 std_L10_lam0.49_s11
10 0.49 0.51 0.49 2000 1012 12 std_L10_lam0.49_s12
10 0.49 0.51 0.49 2000 1013 13 std_L10_lam0.49_s13
10 0.49 0.51 0.49 2000 1014 14 std_L10_lam0.49_s14
10 0.49 0.51 0.49 2000 1015 15 std_L10_lam0.49_s15
10 0.49 0.51 0.49 2000 1016 16 std_L10_lam0.49_s16
10 0.49 0.51 0.49 2000 1017 17 std_L10_lam0.49_s17
10 0.49 0.51 0.49 2000 1018 18 std_L10_lam0.49_s18
10 0.49 0.51 0.49 2000 1019 19 std_L10_lam0.49_s19
10 0.49 0.51 0.49 2000 1020 20 std_L10_lam0.49_s20
10 0.5 0.5 0.5 2000 1001 1 std_L10_lam0.5_s1
10 0.5 0.5 0.5 2000 1002 2 std_L10_lam0.5_s2
10 0.5 0.5 0.5 2000 1003 3 std_L10_lam0.5_s3
10 0.5 0.5 0.5 2000 1004 4 std_L10_lam0.5_s4
10 0.5 0.5 0.5 2000 1005 5 std_L10_lam0.5_s5
10 0.5 0.5 0.5 2000 1006 6 std_L10_lam0.5_s6
10 0.5 0.5 0.5 2000 1007 7 std_L10_lam0.5_s7
10 0.5 0.5 0.5 2000 1008 8 std_L10_lam0.5_s8
10 0.5 0.5 0.5 2000 1009 9 std_L10_lam0.5_s9
10 0.5 0.5 0.5 2000 1010 10 std_L10_lam0.5_s10
10 0.5 0.5 0.5 2000 1011 11 std_L10_lam0.5_s11
10 0.5 0.5 0.5 2000 1012 12 std_L10_lam0.5_s12
10 0.5 0.5 0.5 2000 1013 13 std_L10_lam0.5_s13
10 0.5 0.5 0.5 2000 1014 14 std_L10_lam0.5_s14
10 0.5 0.5 0.5 2000 1015 15 std_L10_lam0.5_s15
10 0.5 0.5 0.5 2000 1016 16 std_L10_lam0.5_s16
10 0.5 0.5 0.5 2000 1017 17 std_L10_lam0.5_s17
10 0.5 0.5 0.5 2000 1018 18 std_L10_lam0.5_s18
10 0.5 0.5 0.5 2000 1019 19 std_L10_lam0.5_s19
10 0.5 0.5 0.5 2000 1020 20 std_L10_lam0.5_s20
10 0.51 0.49 0.51 2000 1001 1 std_L10_lam0.51_s1
10 0.51 0.49 0.51 2000 1002 2 std_L10_lam0.51_s2
10 0.51 0.49 0.51 2000 1003 3 std_L10_lam0.51_s3
10 0.51 0.49 0.51 2000 1004 4 std_L10_lam0.51_s4
10 0.51 0.49 0.51 2000 1005 5 std_L10_lam0.51_s5
10 0.51 0.49 0.51 2000 1006 6 std_L10_lam0.51_s6
10 0.51 0.49 0.51 2000 1007 7 std_L10_lam0.51_s7
10 0.51 0.49 0.51 2000 1008 8 std_L10_lam0.51_s8
10 0.51 0.49 0.51 2000 1009 9 std_L10_lam0.51_s9
10 0.51 0.49 0.51 2000 1010 10 std_L10_lam0.51_s10
10 0.51 0.49 0.51 2000 1011 11 std_L10_lam0.51_s11
10 0.51 0.49 0.51 2000 1012 12 std_L10_lam0.51_s12
10 0.51 0.49 0.51 2000 1013 13 std_L10_lam0.51_s13
10 0.51 0.49 0.51 2000 1014 14 std_L10_lam0.51_s14
10 0.51 0.49 0.51 2000 1015 15 std_L10_lam0.51_s15
10 0.51 0.49 0.51 2000 1016 16 std_L10_lam0.51_s16
10 0.51 0.49 0.51 2000 1017 17 std_L10_lam0.51_s17
10 0.51 0.49 0.51 2000 1018 18 std_L10_lam0.51_s18
10 0.51 0.49 0.51 2000 1019 19 std_L10_lam0.51_s19
10 0.51 0.49 0.51 2000 1020 20 std_L10_lam0.51_s20
10 0.52 0.48 0.52 2000 1001 1 std_L10_lam0.52_s1
10 0.52 0.48 0.52 2000 1002 2 std_L10_lam0.52_s2
10 0.52 0.48 0.52 2000 1003 3 std_L10_lam0.52_s3
10 0.52 0.48 0.52 2000 1004 4 std_L10_lam0.52_s4
10 0.52 0.48 0.52 2000 1005 5 std_L10_lam0.52_s5
10 0.52 0.48 0.52 2000 1006 6 std_L10_lam0.52_s6
10 0.52 0.48 0.52 2000 1007 7 std_L10_lam0.52_s7
10 0.52 0.48 0.52 2000 1008 8 std_L10_lam0.52_s8
10 0.52 0.48 0.52 2000 1009 9 std_L10_lam0.52_s9
10 0.52 0.48 0.52 2000 1010 10 std_L10_lam0.52_s10
10 0.52 0.48 0.52 2000 1011 11 std_L10_lam0.52_s11
10 0.52 0.48 0.52 2000 1012 12 std_L10_lam0.52_s12
10 0.52 0.48 0.52 2000 1013 13 std_L10_lam0.52_s13
10 0.52 0.48 0.52 2000 1014 14 std_L10_lam0.52_s14
10 0.52 0.48 0.52 2000 1015 15 std_L10_lam0.52_s15
10 0.52 0.48 0.52 2000 1016 16 std_L10_lam0.52_s16
10 0.52 0.48 0.52 2000 1017 17 std_L10_lam0.52_s17
10 0.52 0.48 0.52 2000 1018 18 std_L10_lam0.52_s18
10 0.52 0.48 0.52 2000 1019 19 std_L10_lam0.52_s19
10 0.52 0.48 0.52 2000 1020 20 std_L10_lam0.52_s20
10 0.53 0.47 0.53 2000 1001 1 std_L10_lam0.53_s1
10 0.53 0.47 0.53 2000 1002 2 std_L10_lam0.53_s2
10 0.53 0.47 0.53 2000 1003 3 std_L10_lam0.53_s3
10 0.53 0.47 0.53 2000 1004 4 std_L10_lam0.53_s4
10 0.53 0.47 0.53 2000 1005 5 std_L10_lam0.53_s5
10 0.53 0.47 0.53 2000 1006 6 std_L10_lam0.53_s6
10 0.53 0.47 0.53 2000 1007 7 std_L10_lam0.53_s7
10 0.53 0.47 0.53 2000 1008 8 std_L10_lam0.53_s8
10 0.53 0.47 0.53 2000 1009 9 std_L10_lam0.53_s9
10 0.53 0.47 0.53 2000 1010 10 std_L10_lam0.53_s10
10 0.53 0.47 0.53 2000 1011 11 std_L10_lam0.53_s11
10 0.53 0.47 0.53 2000 1012 12 std_L10_lam0.53_s12
10 0.53 0.47 0.53 2000 1013 13 std_L10_lam0.53_s13
10 0.53 0.47 0.53 2000 1014 14 std_L10_lam0.53_s14
10 0.53 0.47 0.53 2000 1015 15 std_L10_lam0.53_s15
10 0.53 0.47 0.53 2000 1016 16 std_L10_lam0.53_s16
10 0.53 0.47 0.53 2000 1017 17 std_L10_lam0.53_s17
10 0.53 0.47 0.53 2000 1018 18 std_L10_lam0.53_s18
10 0.53 0.47 0.53 2000 1019 19 std_L10_lam0.53_s19
10 0.53 0.47 0.53 2000 1020 20 std_L10_lam0.53_s20
10 0.54 0.45999999999999996 0.54 2000 1001 1 std_L10_lam0.54_s1
10 0.54 0.45999999999999996 0.54 2000 1002 2 std_L10_lam0.54_s2
10 0.54 0.45999999999999996 0.54 2000 1003 3 std_L10_lam0.54_s3
10 0.54 0.45999999999999996 0.54 2000 1004 4 std_L10_lam0.54_s4
10 0.54 0.45999999999999996 0.54 2000 1005 5 std_L10_lam0.54_s5
10 0.54 0.45999999999999996 0.54 2000 1006 6 std_L10_lam0.54_s6
10 0.54 0.45999999999999996 0.54 2000 1007 7 std_L10_lam0.54_s7
10 0.54 0.45999999999999996 0.54 2000 1008 8 std_L10_lam0.54_s8
10 0.54 0.45999999999999996 0.54 2000 1009 9 std_L10_lam0.54_s9
10 0.54 0.45999999999999996 0.54 2000 1010 10 std_L10_lam0.54_s10
10 0.54 0.45999999999999996 0.54 2000 1011 11 std_L10_lam0.54_s11
10 0.54 0.45999999999999996 0.54 2000 1012 12 std_L10_lam0.54_s12
10 0.54 0.45999999999999996 0.54 2000 1013 13 std_L10_lam0.54_s13
10 0.54 0.45999999999999996 0.54 2000 1014 14 std_L10_lam0.54_s14
10 0.54 0.45999999999999996 0.54 2000 1015 15 std_L10_lam0.54_s15
10 0.54 0.45999999999999996 0.54 2000 1016 16 std_L10_lam0.54_s16
10 0.54 0.45999999999999996 0.54 2000 1017 17 std_L10_lam0.54_s17
10 0.54 0.45999999999999996 0.54 2000 1018 18 std_L10_lam0.54_s18
10 0.54 0.45999999999999996 0.54 2000 1019 19 std_L10_lam0.54_s19
10 0.54 0.45999999999999996 0.54 2000 1020 20 std_L10_lam0.54_s20
10 0.55 0.44999999999999996 0.55 2000 1001 1 std_L10_lam0.55_s1
10 0.55 0.44999999999999996 0.55 2000 1002 2 std_L10_lam0.55_s2
10 0.55 0.44999999999999996 0.55 2000 1003 3 std_L10_lam0.55_s3
10 0.55 0.44999999999999996 0.55 2000 1004 4 std_L10_lam0.55_s4
10 0.55 0.44999999999999996 0.55 2000 1005 5 std_L10_lam0.55_s5
10 0.55 0.44999999999999996 0.55 2000 1006 6 std_L10_lam0.55_s6
10 0.55 0.44999999999999996 0.55 2000 1007 7 std_L10_lam0.55_s7
10 0.55 0.44999999999999996 0.55 2000 1008 8 std_L10_lam0.55_s8
10 0.55 0.44999999999999996 0.55 2000 1009 9 std_L10_lam0.55_s9
10 0.55 0.44999999999999996 0.55 2000 1010 10 std_L10_lam0.55_s10
10 0.55 0.44999999999999996 0.55 2000 1011 11 std_L10_lam0.55_s11
10 0.55 0.44999999999999996 0.55 2000 1012 12 std_L10_lam0.55_s12
10 0.55 0.44999999999999996 0.55 2000 1013 13 std_L10_lam0.55_s13
10 0.55 0.44999999999999996 0.55 2000 1014 14 std_L10_lam0.55_s14
10 0.55 0.44999999999999996 0.55 2000 1015 15 std_L10_lam0.55_s15
10 0.55 0.44999999999999996 0.55 2000 1016 16 std_L10_lam0.55_s16
10 0.55 0.44999999999999996 0.55 2000 1017 17 std_L10_lam0.55_s17
10 0.55 0.44999999999999996 0.55 2000 1018 18 std_L10_lam0.55_s18
10 0.55 0.44999999999999996 0.55 2000 1019 19 std_L10_lam0.55_s19
10 0.55 0.44999999999999996 0.55 2000 1020 20 std_L10_lam0.55_s20
10 0.6 0.4 0.6 2000 1001 1 std_L10_lam0.6_s1
10 0.6 0.4 0.6 2000 1002 2 std_L10_lam0.6_s2
10 0.6 0.4 0.6 2000 1003 3 std_L10_lam0.6_s3
10 0.6 0.4 0.6 2000 1004 4 std_L10_lam0.6_s4
10 0.6 0.4 0.6 2000 1005 5 std_L10_lam0.6_s5
10 0.6 0.4 0.6 2000 1006 6 std_L10_lam0.6_s6
10 0.6 0.4 0.6 2000 1007 7 std_L10_lam0.6_s7
10 0.6 0.4 0.6 2000 1008 8 std_L10_lam0.6_s8
10 0.6 0.4 0.6 2000 1009 9 std_L10_lam0.6_s9
10 0.6 0.4 0.6 2000 1010 10 std_L10_lam0.6_s10
10 0.6 0.4 0.6 2000 1011 11 std_L10_lam0.6_s11
10 0.6 0.4 0.6 2000 1012 12 std_L10_lam0.6_s12
10 0.6 0.4 0.6 2000 1013 13 std_L10_lam0.6_s13
10 0.6 0.4 0.6 2000 1014 14 std_L10_lam0.6_s14
10 0.6 0.4 0.6 2000 1015 15 std_L10_lam0.6_s15
10 0.6 0.4 0.6 2000 1016 16 std_L10_lam0.6_s16
10 0.6 0.4 0.6 2000 1017 17 std_L10_lam0.6_s17
10 0.6 0.4 0.6 2000 1018 18 std_L10_lam0.6_s18
10 0.6 0.4 0.6 2000 1019 19 std_L10_lam0.6_s19
10 0.6 0.4 0.6 2000 1020 20 std_L10_lam0.6_s20
10 0.65 0.35 0.65 2000 1001 1 std_L10_lam0.65_s1
10 0.65 0.35 0.65 2000 1002 2 std_L10_lam0.65_s2
10 0.65 0.35 0.65 2000 1003 3 std_L10_lam0.65_s3
10 0.65 0.35 0.65 2000 1004 4 std_L10_lam0.65_s4
10 0.65 0.35 0.65 2000 1005 5 std_L10_lam0.65_s5
10 0.65 0.35 0.65 2000 1006 6 std_L10_lam0.65_s6
10 0.65 0.35 0.65 2000 1007 7 std_L10_lam0.65_s7
10 0.65 0.35 0.65 2000 1008 8 std_L10_lam0.65_s8
10 0.65 0.35 0.65 2000 1009 9 std_L10_lam0.65_s9
10 0.65 0.35 0.65 2000 1010 10 std_L10_lam0.65_s10
10 0.65 0.35 0.65 2000 1011 11 std_L10_lam0.65_s11
10 0.65 0.35 0.65 2000 1012 12 std_L10_lam0.65_s12
10 0.65 0.35 0.65 2000 1013 13 std_L10_lam0.65_s13
10 0.65 0.35 0.65 2000 1014 14 std_L10_lam0.65_s14
10 0.65 0.35 0.65 2000 1015 15 std_L10_lam0.65_s15
10 0.65 0.35 0.65 2000 1016 16 std_L10_lam0.65_s16
10 0.65 0.35 0.65 2000 1017 17 std_L10_lam0.65_s17
10 0.65 0.35 0.65 2000 1018 18 std_L10_lam0.65_s18
10 0.65 0.35 0.65 2000 1019 19 std_L10_lam0.65_s19
10 0.65 0.35 0.65 2000 1020 20 std_L10_lam0.65_s20
10 0.7 0.30000000000000004 0.7 2000 1001 1 std_L10_lam0.7_s1
10 0.7 0.30000000000000004 0.7 2000 1002 2 std_L10_lam0.7_s2
10 0.7 0.30000000000000004 0.7 2000 1003 3 std_L10_lam0.7_s3
10 0.7 0.30000000000000004 0.7 2000 1004 4 std_L10_lam0.7_s4
10 0.7 0.30000000000000004 0.7 2000 1005 5 std_L10_lam0.7_s5
10 0.7 0.30000000000000004 0.7 2000 1006 6 std_L10_lam0.7_s6
10 0.7 0.30000000000000004 0.7 2000 1007 7 std_L10_lam0.7_s7
10 0.7 0.30000000000000004 0.7 2000 1008 8 std_L10_lam0.7_s8
10 0.7 0.30000000000000004 0.7 2000 1009 9 std_L10_lam0.7_s9
10 0.7 0.30000000000000004 0.7 2000 1010 10 std_L10_lam0.7_s10
10 0.7 0.30000000000000004 0.7 2000 1011 11 std_L10_lam0.7_s11
10 0.7 0.30000000000000004 0.7 2000 1012 12 std_L10_lam0.7_s12
10 0.7 0.30000000000000004 0.7 2000 1013 13 std_L10_lam0.7_s13
10 0.7 0.30000000000000004 0.7 2000 1014 14 std_L10_lam0.7_s14
10 0.7 0.30000000000000004 0.7 2000 1015 15 std_L10_lam0.7_s15
10 0.7 0.30000000000000004 0.7 2000 1016 16 std_L10_lam0.7_s16
10 0.7 0.30000000000000004 0.7 2000 1017 17 std_L10_lam0.7_s17
10 0.7 0.30000000000000004 0.7 2000 1018 18 std_L10_lam0.7_s18
10 0.7 0.30000000000000004 0.7 2000 1019 19 std_L10_lam0.7_s19
10 0.7 0.30000000000000004 0.7 2000 1020 20 std_L10_lam0.7_s20
10 0.8 0.19999999999999996 0.8 2000 1001 1 std_L10_lam0.8_s1
10 0.8 0.19999999999999996 0.8 2000 1002 2 std_L10_lam0.8_s2
10 0.8 0.19999999999999996 0.8 2000 1003 3 std_L10_lam0.8_s3
10 0.8 0.19999999999999996 0.8 2000 1004 4 std_L10_lam0.8_s4
10 0.8 0.19999999999999996 0.8 2000 1005 5 std_L10_lam0.8_s5
10 0.8 0.19999999999999996 0.8 2000 1006 6 std_L10_lam0.8_s6
10 0.8 0.19999999999999996 0.8 2000 1007 7 std_L10_lam0.8_s7
10 0.8 0.19999999999999996 0.8 2000 1008 8 std_L10_lam0.8_s8
10 0.8 0.19999999999999996 0.8 2000 1009 9 std_L10_lam0.8_s9
10 0.8 0.19999999999999996 0.8 2000 1010 10 std_L10_lam0.8_s10
10 0.8 0.19999999999999996 0.8 2000 1011 11 std_L10_lam0.8_s11
10 0.8 0.19999999999999996 0.8 2000 1012 12 std_L10_lam0.8_s12
10 0.8 0.19999999999999996 0.8 2000 1013 13 std_L10_lam0.8_s13
10 0.8 0.19999999999999996 0.8 2000 1014 14 std_L10_lam0.8_s14
10 0.8 0.19999999999999996 0.8 2000 1015 15 std_L10_lam0.8_s15
10 0.8 0.19999999999999996 0.8 2000 1016 16 std_L10_lam0.8_s16
10 0.8 0.19999999999999996 0.8 2000 1017 17 std_L10_lam0.8_s17
10 0.8 0.19999999999999996 0.8 2000 1018 18 std_L10_lam0.8_s18
10 0.8 0.19999999999999996 0.8 2000 1019 19 std_L10_lam0.8_s19
10 0.8 0.19999999999999996 0.8 2000 1020 20 std_L10_lam0.8_s20
10 0.9 0.09999999999999998 0.9 2000 1001 1 std_L10_lam0.9_s1
10 0.9 0.09999999999999998 0.9 2000 1002 2 std_L10_lam0.9_s2
10 0.9 0.09999999999999998 0.9 2000 1003 3 std_L10_lam0.9_s3
10 0.9 0.09999999999999998 0.9 2000 1004 4 std_L10_lam0.9_s4
10 0.9 0.09999999999999998 0.9 2000 1005 5 std_L10_lam0.9_s5
10 0.9 0.09999999999999998 0.9 2000 1006 6 std_L10_lam0.9_s6
10 0.9 0.09999999999999998 0.9 2000 1007 7 std_L10_lam0.9_s7
10 0.9 0.09999999999999998 0.9 2000 1008 8 std_L10_lam0.9_s8
10 0.9 0.09999999999999998 0.9 2000 1009 9 std_L10_lam0.9_s9
10 0.9 0.09999999999999998 0.9 2000 1010 10 std_L10_lam0.9_s10
10 0.9 0.09999999999999998 0.9 2000 1011 11 std_L10_lam0.9_s11
10 0.9 0.09999999999999998 0.9 2000 1012 12 std_L10_lam0.9_s12
10 0.9 0.09999999999999998 0.9 2000 1013 13 std_L10_lam0.9_s13
10 0.9 0.09999999999999998 0.9 2000 1014 14 std_L10_lam0.9_s14
10 0.9 0.09999999999999998 0.9 2000 1015 15 std_L10_lam0.9_s15
10 0.9 0.09999999999999998 0.9 2000 1016 16 std_L10_lam0.9_s16
10 0.9 0.09999999999999998 0.9 2000 1017 17 std_L10_lam0.9_s17
10 0.9 0.09999999999999998 0.9 2000 1018 18 std_L10_lam0.9_s18
10 0.9 0.09999999999999998 0.9 2000 1019 19 std_L10_lam0.9_s19
10 0.9 0.09999999999999998 0.9 2000 1020 20 std_L10_lam0.9_s20
12 0.1 0.9 0.1 2000 1001 1 std_L12_lam0.1_s1
12 0.1 0.9 0.1 2000 1002 2 std_L12_lam0.1_s2
12 0.1 0.9 0.1 2000 1003 3 std_L12_lam0.1_s3
12 0.1 0.9 0.1 2000 1004 4 std_L12_lam0.1_s4
12 0.1 0.9 0.1 2000 1005 5 std_L12_lam0.1_s5
12 0.1 0.9 0.1 2000 1006 6 std_L12_lam0.1_s6
12 0.1 0.9 0.1 2000 1007 7 std_L12_lam0.1_s7
12 0.1 0.9 0.1 2000 1008 8 std_L12_lam0.1_s8
12 0.1 0.9 0.1 2000 1009 9 std_L12_lam0.1_s9
12 0.1 0.9 0.1 2000 1010 10 std_L12_lam0.1_s10
12 0.1 0.9 0.1 2000 1011 11 std_L12_lam0.1_s11
12 0.1 0.9 0.1 2000 1012 12 std_L12_lam0.1_s12
12 0.1 0.9 0.1 2000 1013 13 std_L12_lam0.1_s13
12 0.1 0.9 0.1 2000 1014 14 std_L12_lam0.1_s14
12 0.1 0.9 0.1 2000 1015 15 std_L12_lam0.1_s15
12 0.1 0.9 0.1 2000 1016 16 std_L12_lam0.1_s16
12 0.1 0.9 0.1 2000 1017 17 std_L12_lam0.1_s17
12 0.1 0.9 0.1 2000 1018 18 std_L12_lam0.1_s18
12 0.1 0.9 0.1 2000 1019 19 std_L12_lam0.1_s19
12 0.1 0.9 0.1 2000 1020 20 std_L12_lam0.1_s20
12 0.2 0.8 0.2 2000 1001 1 std_L12_lam0.2_s1
12 0.2 0.8 0.2 2000 1002 2 std_L12_lam0.2_s2
12 0.2 0.8 0.2 2000 1003 3 std_L12_lam0.2_s3
12 0.2 0.8 0.2 2000 1004 4 std_L12_lam0.2_s4
12 0.2 0.8 0.2 2000 1005 5 std_L12_lam0.2_s5
12 0.2 0.8 0.2 2000 1006 6 std_L12_lam0.2_s6
12 0.2 0.8 0.2 2000 1007 7 std_L12_lam0.2_s7
12 0.2 0.8 0.2 2000 1008 8 std_L12_lam0.2_s8
12 0.2 0.8 0.2 2000 1009 9 std_L12_lam0.2_s9
12 0.2 0.8 0.2 2000 1010 10 std_L12_lam0.2_s10
12 0.2 0.8 0.2 2000 1011 11 std_L12_lam0.2_s11
12 0.2 0.8 0.2 2000 1012 12 std_L12_lam0.2_s12
12 0.2 0.8 0.2 2000 1013 13 std_L12_lam0.2_s13
12 0.2 0.8 0.2 2000 1014 14 std_L12_lam0.2_s14
12 0.2 0.8 0.2 2000 1015 15 std_L12_lam0.2_s15
12 0.2 0.8 0.2 2000 1016 16 std_L12_lam0.2_s16
12 0.2 0.8 0.2 2000 1017 17 std_L12_lam0.2_s17
12 0.2 0.8 0.2 2000 1018 18 std_L12_lam0.2_s18
12 0.2 0.8 0.2 2000 1019 19 std_L12_lam0.2_s19
12 0.2 0.8 0.2 2000 1020 20 std_L12_lam0.2_s20
12 0.3 0.7 0.3 2000 1001 1 std_L12_lam0.3_s1
12 0.3 0.7 0.3 2000 1002 2 std_L12_lam0.3_s2
12 0.3 0.7 0.3 2000 1003 3 std_L12_lam0.3_s3
12 0.3 0.7 0.3 2000 1004 4 std_L12_lam0.3_s4
12 0.3 0.7 0.3 2000 1005 5 std_L12_lam0.3_s5
12 0.3 0.7 0.3 2000 1006 6 std_L12_lam0.3_s6
12 0.3 0.7 0.3 2000 1007 7 std_L12_lam0.3_s7
12 0.3 0.7 0.3 2000 1008 8 std_L12_lam0.3_s8
12 0.3 0.7 0.3 2000 1009 9 std_L12_lam0.3_s9
12 0.3 0.7 0.3 2000 1010 10 std_L12_lam0.3_s10
12 0.3 0.7 0.3 2000 1011 11 std_L12_lam0.3_s11
12 0.3 0.7 0.3 2000 1012 12 std_L12_lam0.3_s12
12 0.3 0.7 0.3 2000 1013 13 std_L12_lam0.3_s13
12 0.3 0.7 0.3 2000 1014 14 std_L12_lam0.3_s14
12 0.3 0.7 0.3 2000 1015 15 std_L12_lam0.3_s15
12 0.3 0.7 0.3 2000 1016 16 std_L12_lam0.3_s16
12 0.3 0.7 0.3 2000 1017 17 std_L12_lam0.3_s17
12 0.3 0.7 0.3 2000 1018 18 std_L12_lam0.3_s18
12 0.3 0.7 0.3 2000 1019 19 std_L12_lam0.3_s19
12 0.3 0.7 0.3 2000 1020 20 std_L12_lam0.3_s20
12 0.35 0.65 0.35 2000 1001 1 std_L12_lam0.35_s1
12 0.35 0.65 0.35 2000 1002 2 std_L12_lam0.35_s2
12 0.35 0.65 0.35 2000 1003 3 std_L12_lam0.35_s3
12 0.35 0.65 0.35 2000 1004 4 std_L12_lam0.35_s4
12 0.35 0.65 0.35 2000 1005 5 std_L12_lam0.35_s5
12 0.35 0.65 0.35 2000 1006 6 std_L12_lam0.35_s6
12 0.35 0.65 0.35 2000 1007 7 std_L12_lam0.35_s7
12 0.35 0.65 0.35 2000 1008 8 std_L12_lam0.35_s8
12 0.35 0.65 0.35 2000 1009 9 std_L12_lam0.35_s9
12 0.35 0.65 0.35 2000 1010 10 std_L12_lam0.35_s10
12 0.35 0.65 0.35 2000 1011 11 std_L12_lam0.35_s11
12 0.35 0.65 0.35 2000 1012 12 std_L12_lam0.35_s12
12 0.35 0.65 0.35 2000 1013 13 std_L12_lam0.35_s13
12 0.35 0.65 0.35 2000 1014 14 std_L12_lam0.35_s14
12 0.35 0.65 0.35 2000 1015 15 std_L12_lam0.35_s15
12 0.35 0.65 0.35 2000 1016 16 std_L12_lam0.35_s16
12 0.35 0.65 0.35 2000 1017 17 std_L12_lam0.35_s17
12 0.35 0.65 0.35 2000 1018 18 std_L12_lam0.35_s18
12 0.35 0.65 0.35 2000 1019 19 std_L12_lam0.35_s19
12 0.35 0.65 0.35 2000 1020 20 std_L12_lam0.35_s20
12 0.4 0.6 0.4 2000 1001 1 std_L12_lam0.4_s1
12 0.4 0.6 0.4 2000 1002 2 std_L12_lam0.4_s2
12 0.4 0.6 0.4 2000 1003 3 std_L12_lam0.4_s3
12 0.4 0.6 0.4 2000 1004 4 std_L12_lam0.4_s4
12 0.4 0.6 0.4 2000 1005 5 std_L12_lam0.4_s5
12 0.4 0.6 0.4 2000 1006 6 std_L12_lam0.4_s6
12 0.4 0.6 0.4 2000 1007 7 std_L12_lam0.4_s7
12 0.4 0.6 0.4 2000 1008 8 std_L12_lam0.4_s8
12 0.4 0.6 0.4 2000 1009 9 std_L12_lam0.4_s9
12 0.4 0.6 0.4 2000 1010 10 std_L12_lam0.4_s10
12 0.4 0.6 0.4 2000 1011 11 std_L12_lam0.4_s11
12 0.4 0.6 0.4 2000 1012 12 std_L12_lam0.4_s12
12 0.4 0.6 0.4 2000 1013 13 std_L12_lam0.4_s13
12 0.4 0.6 0.4 2000 1014 14 std_L12_lam0.4_s14
12 0.4 0.6 0.4 2000 1015 15 std_L12_lam0.4_s15
12 0.4 0.6 0.4 2000 1016 16 std_L12_lam0.4_s16
12 0.4 0.6 0.4 2000 1017 17 std_L12_lam0.4_s17
12 0.4 0.6 0.4 2000 1018 18 std_L12_lam0.4_s18
12 0.4 0.6 0.4 2000 1019 19 std_L12_lam0.4_s19
12 0.4 0.6 0.4 2000 1020 20 std_L12_lam0.4_s20
12 0.42 0.5800000000000001 0.42 2000 1001 1 std_L12_lam0.42_s1
12 0.42 0.5800000000000001 0.42 2000 1002 2 std_L12_lam0.42_s2
12 0.42 0.5800000000000001 0.42 2000 1003 3 std_L12_lam0.42_s3
12 0.42 0.5800000000000001 0.42 2000 1004 4 std_L12_lam0.42_s4
12 0.42 0.5800000000000001 0.42 2000 1005 5 std_L12_lam0.42_s5
12 0.42 0.5800000000000001 0.42 2000 1006 6 std_L12_lam0.42_s6
12 0.42 0.5800000000000001 0.42 2000 1007 7 std_L12_lam0.42_s7
12 0.42 0.5800000000000001 0.42 2000 1008 8 std_L12_lam0.42_s8
12 0.42 0.5800000000000001 0.42 2000 1009 9 std_L12_lam0.42_s9
12 0.42 0.5800000000000001 0.42 2000 1010 10 std_L12_lam0.42_s10
12 0.42 0.5800000000000001 0.42 2000 1011 11 std_L12_lam0.42_s11
12 0.42 0.5800000000000001 0.42 2000 1012 12 std_L12_lam0.42_s12
12 0.42 0.5800000000000001 0.42 2000 1013 13 std_L12_lam0.42_s13
12 0.42 0.5800000000000001 0.42 2000 1014 14 std_L12_lam0.42_s14
12 0.42 0.5800000000000001 0.42 2000 1015 15 std_L12_lam0.42_s15
12 0.42 0.5800000000000001 0.42 2000 1016 16 std_L12_lam0.42_s16
12 0.42 0.5800000000000001 0.42 2000 1017 17 std_L12_lam0.42_s17
12 0.42 0.5800000000000001 0.42 2000 1018 18 std_L12_lam0.42_s18
12 0.42 0.5800000000000001 0.42 2000 1019 19 std_L12_lam0.42_s19
12 0.42 0.5800000000000001 0.42 2000 1020 20 std_L12_lam0.42_s20
12 0.44 0.56 0.44 2000 1001 1 std_L12_lam0.44_s1
12 0.44 0.56 0.44 2000 1002 2 std_L12_lam0.44_s2
12 0.44 0.56 0.44 2000 1003 3 std_L12_lam0.44_s3
12 0.44 0.56 0.44 2000 1004 4 std_L12_lam0.44_s4
12 0.44 0.56 0.44 2000 1005 5 std_L12_lam0.44_s5
12 0.44 0.56 0.44 2000 1006 6 std_L12_lam0.44_s6
12 0.44 0.56 0.44 2000 1007 7 std_L12_lam0.44_s7
12 0.44 0.56 0.44 2000 1008 8 std_L12_lam0.44_s8
12 0.44 0.56 0.44 2000 1009 9 std_L12_lam0.44_s9
12 0.44 0.56 0.44 2000 1010 10 std_L12_lam0.44_s10
12 0.44 0.56 0.44 2000 1011 11 std_L12_lam0.44_s11
12 0.44 0.56 0.44 2000 1012 12 std_L12_lam0.44_s12
12 0.44 0.56 0.44 2000 1013 13 std_L12_lam0.44_s13
12 0.44 0.56 0.44 2000 1014 14 std_L12_lam0.44_s14
12 0.44 0.56 0.44 2000 1015 15 std_L12_lam0.44_s15
12 0.44 0.56 0.44 2000 1016 16 std_L12_lam0.44_s16
12 0.44 0.56 0.44 2000 1017 17 std_L12_lam0.44_s17
12 0.44 0.56 0.44 2000 1018 18 std_L12_lam0.44_s18
12 0.44 0.56 0.44 2000 1019 19 std_L12_lam0.44_s19
12 0.44 0.56 0.44 2000 1020 20 std_L12_lam0.44_s20
12 0.46 0.54 0.46 2000 1001 1 std_L12_lam0.46_s1
12 0.46 0.54 0.46 2000 1002 2 std_L12_lam0.46_s2
12 0.46 0.54 0.46 2000 1003 3 std_L12_lam0.46_s3
12 0.46 0.54 0.46 2000 1004 4 std_L12_lam0.46_s4
12 0.46 0.54 0.46 2000 1005 5 std_L12_lam0.46_s5
12 0.46 0.54 0.46 2000 1006 6 std_L12_lam0.46_s6
12 0.46 0.54 0.46 2000 1007 7 std_L12_lam0.46_s7
12 0.46 0.54 0.46 2000 1008 8 std_L12_lam0.46_s8
12 0.46 0.54 0.46 2000 1009 9 std_L12_lam0.46_s9
12 0.46 0.54 0.46 2000 1010 10 std_L12_lam0.46_s10
12 0.46 0.54 0.46 2000 1011 11 std_L12_lam0.46_s11
12 0.46 0.54 0.46 2000 1012 12 std_L12_lam0.46_s12
12 0.46 0.54 0.46 2000 1013 13 std_L12_lam0.46_s13
12 0.46 0.54 0.46 2000 1014 14 std_L12_lam0.46_s14
12 0.46 0.54 0.46 2000 1015 15 std_L12_lam0.46_s15
12 0.46 0.54 0.46 2000 1016 16 std_L12_lam0.46_s16
12 0.46 0.54 0.46 2000 1017 17 std_L12_lam0.46_s17
12 0.46 0.54 0.46 2000 1018 18 std_L12_lam0.46_s18
12 0.46 0.54 0.46 2000 1019 19 std_L12_lam0.46_s19
12 0.46 0.54 0.46 2000 1020 20 std_L12_lam0.46_s20
12 0.47 0.53 0.47 2000 1001 1 std_L12_lam0.47_s1
12 0.47 0.53 0.47 2000 1002 2 std_L12_lam0.47_s2
12 0.47 0.53 0.47 2000 1003 3 std_L12_lam0.47_s3
12 0.47 0.53 0.47 2000 1004 4 std_L12_lam0.47_s4
12 0.47 0.53 0.47 2000 1005 5 std_L12_lam0.47_s5
12 0.47 0.53 0.47 2000 1006 6 std_L12_lam0.47_s6
12 0.47 0.53 0.47 2000 1007 7 std_L12_lam0.47_s7
12 0.47 0.53 0.47 2000 1008 8 std_L12_lam0.47_s8
12 0.47 0.53 0.47 2000 1009 9 std_L12_lam0.47_s9
12 0.47 0.53 0.47 2000 1010 10 std_L12_lam0.47_s10
12 0.47 0.53 0.47 2000 1011 11 std_L12_lam0.47_s11
12 0.47 0.53 0.47 2000 1012 12 std_L12_lam0.47_s12
12 0.47 0.53 0.47 2000 1013 13 std_L12_lam0.47_s13
12 0.47 0.53 0.47 2000 1014 14 std_L12_lam0.47_s14
12 0.47 0.53 0.47 2000 1015 15 std_L12_lam0.47_s15
12 0.47 0.53 0.47 2000 1016 16 std_L12_lam0.47_s16
12 0.47 0.53 0.47 2000 1017 17 std_L12_lam0.47_s17
12 0.47 0.53 0.47 2000 1018 18 std_L12_lam0.47_s18
12 0.47 0.53 0.47 2000 1019 19 std_L12_lam0.47_s19
12 0.47 0.53 0.47 2000 1020 20 std_L12_lam0.47_s20
12 0.48 0.52 0.48 2000 1001 1 std_L12_lam0.48_s1
12 0.48 0.52 0.48 2000 1002 2 std_L12_lam0.48_s2
12 0.48 0.52 0.48 2000 1003 3 std_L12_lam0.48_s3
12 0.48 0.52 0.48 2000 1004 4 std_L12_lam0.48_s4
12 0.48 0.52 0.48 2000 1005 5 std_L12_lam0.48_s5
12 0.48 0.52 0.48 2000 1006 6 std_L12_lam0.48_s6
12 0.48 0.52 0.48 2000 1007 7 std_L12_lam0.48_s7
12 0.48 0.52 0.48 2000 1008 8 std_L12_lam0.48_s8
12 0.48 0.52 0.48 2000 1009 9 std_L12_lam0.48_s9
12 0.48 0.52 0.48 2000 1010 10 std_L12_lam0.48_s10
12 0.48 0.52 0.48 2000 1011 11 std_L12_lam0.48_s11
12 0.48 0.52 0.48 2000 1012 12 std_L12_lam0.48_s12
12 0.48 0.52 0.48 2000 1013 13 std_L12_lam0.48_s13
12 0.48 0.52 0.48 2000 1014 14 std_L12_lam0.48_s14
12 0.48 0.52 0.48 2000 1015 15 std_L12_lam0.48_s15
12 0.48 0.52 0.48 2000 1016 16 std_L12_lam0.48_s16
12 0.48 0.52 0.48 2000 1017 17 std_L12_lam0.48_s17
12 0.48 0.52 0.48 2000 1018 18 std_L12_lam0.48_s18
12 0.48 0.52 0.48 2000 1019 19 std_L12_lam0.48_s19
12 0.48 0.52 0.48 2000 1020 20 std_L12_lam0.48_s20
12 0.49 0.51 0.49 2000 1001 1 std_L12_lam0.49_s1
12 0.49 0.51 0.49 2000 1002 2 std_L12_lam0.49_s2
12 0.49 0.51 0.49 2000 1003 3 std_L12_lam0.49_s3
12 0.49 0.51 0.49 2000 1004 4 std_L12_lam0.49_s4
12 0.49 0.51 0.49 2000 1005 5 std_L12_lam0.49_s5
12 0.49 0.51 0.49 2000 1006 6 std_L12_lam0.49_s6
12 0.49 0.51 0.49 2000 1007 7 std_L12_lam0.49_s7
12 0.49 0.51 0.49 2000 1008 8 std_L12_lam0.49_s8
12 0.49 0.51 0.49 2000 1009 9 std_L12_lam0.49_s9
12 0.49 0.51 0.49 2000 1010 10 std_L12_lam0.49_s10
12 0.49 0.51 0.49 2000 1011 11 std_L12_lam0.49_s11
12 0.49 0.51 0.49 2000 1012 12 std_L12_lam0.49_s12
12 0.49 0.51 0.49 2000 1013 13 std_L12_lam0.49_s13
12 0.49 0.51 0.49 2000 1014 14 std_L12_lam0.49_s14
12 0.49 0.51 0.49 2000 1015 15 std_L12_lam0.49_s15
12 0.49 0.51 0.49 2000 1016 16 std_L12_lam0.49_s16
12 0.49 0.51 0.49 2000 1017 17 std_L12_lam0.49_s17
12 0.49 0.51 0.49 2000 1018 18 std_L12_lam0.49_s18
12 0.49 0.51 0.49 2000 1019 19 std_L12_lam0.49_s19
12 0.49 0.51 0.49 2000 1020 20 std_L12_lam0.49_s20
12 0.5 0.5 0.5 2000 1001 1 std_L12_lam0.5_s1
12 0.5 0.5 0.5 2000 1002 2 std_L12_lam0.5_s2
12 0.5 0.5 0.5 2000 1003 3 std_L12_lam0.5_s3
12 0.5 0.5 0.5 2000 1004 4 std_L12_lam0.5_s4
12 0.5 0.5 0.5 2000 1005 5 std_L12_lam0.5_s5
12 0.5 0.5 0.5 2000 1006 6 std_L12_lam0.5_s6
12 0.5 0.5 0.5 2000 1007 7 std_L12_lam0.5_s7
12 0.5 0.5 0.5 2000 1008 8 std_L12_lam0.5_s8
12 0.5 0.5 0.5 2000 1009 9 std_L12_lam0.5_s9
12 0.5 0.5 0.5 2000 1010 10 std_L12_lam0.5_s10
12 0.5 0.5 0.5 2000 1011 11 std_L12_lam0.5_s11
12 0.5 0.5 0.5 2000 1012 12 std_L12_lam0.5_s12
12 0.5 0.5 0.5 2000 1013 13 std_L12_lam0.5_s13
12 0.5 0.5 0.5 2000 1014 14 std_L12_lam0.5_s14
12 0.5 0.5 0.5 2000 1015 15 std_L12_lam0.5_s15
12 0.5 0.5 0.5 2000 1016 16 std_L12_lam0.5_s16
12 0.5 0.5 0.5 2000 1017 17 std_L12_lam0.5_s17
12 0.5 0.5 0.5 2000 1018 18 std_L12_lam0.5_s18
12 0.5 0.5 0.5 2000 1019 19 std_L12_lam0.5_s19
12 0.5 0.5 0.5 2000 1020 20 std_L12_lam0.5_s20
12 0.51 0.49 0.51 2000 1001 1 std_L12_lam0.51_s1
12 0.51 0.49 0.51 2000 1002 2 std_L12_lam0.51_s2
12 0.51 0.49 0.51 2000 1003 3 std_L12_lam0.51_s3
12 0.51 0.49 0.51 2000 1004 4 std_L12_lam0.51_s4
12 0.51 0.49 0.51 2000 1005 5 std_L12_lam0.51_s5
12 0.51 0.49 0.51 2000 1006 6 std_L12_lam0.51_s6
12 0.51 0.49 0.51 2000 1007 7 std_L12_lam0.51_s7
12 0.51 0.49 0.51 2000 1008 8 std_L12_lam0.51_s8
12 0.51 0.49 0.51 2000 1009 9 std_L12_lam0.51_s9
12 0.51 0.49 0.51 2000 1010 10 std_L12_lam0.51_s10
12 0.51 0.49 0.51 2000 1011 11 std_L12_lam0.51_s11
12 0.51 0.49 0.51 2000 1012 12 std_L12_lam0.51_s12
12 0.51 0.49 0.51 2000 1013 13 std_L12_lam0.51_s13
12 0.51 0.49 0.51 2000 1014 14 std_L12_lam0.51_s14
12 0.51 0.49 0.51 2000 1015 15 std_L12_lam0.51_s15
12 0.51 0.49 0.51 2000 1016 16 std_L12_lam0.51_s16
12 0.51 0.49 0.51 2000 1017 17 std_L12_lam0.51_s17
12 0.51 0.49 0.51 2000 1018 18 std_L12_lam0.51_s18
12 0.51 0.49 0.51 2000 1019 19 std_L12_lam0.51_s19
12 0.51 0.49 0.51 2000 1020 20 std_L12_lam0.51_s20
12 0.52 0.48 0.52 2000 1001 1 std_L12_lam0.52_s1
12 0.52 0.48 0.52 2000 1002 2 std_L12_lam0.52_s2
12 0.52 0.48 0.52 2000 1003 3 std_L12_lam0.52_s3
12 0.52 0.48 0.52 2000 1004 4 std_L12_lam0.52_s4
12 0.52 0.48 0.52 2000 1005 5 std_L12_lam0.52_s5
12 0.52 0.48 0.52 2000 1006 6 std_L12_lam0.52_s6
12 0.52 0.48 0.52 2000 1007 7 std_L12_lam0.52_s7
12 0.52 0.48 0.52 2000 1008 8 std_L12_lam0.52_s8
12 0.52 0.48 0.52 2000 1009 9 std_L12_lam0.52_s9
12 0.52 0.48 0.52 2000 1010 10 std_L12_lam0.52_s10
12 0.52 0.48 0.52 2000 1011 11 std_L12_lam0.52_s11
12 0.52 0.48 0.52 2000 1012 12 std_L12_lam0.52_s12
12 0.52 0.48 0.52 2000 1013 13 std_L12_lam0.52_s13
12 0.52 0.48 0.52 2000 1014 14 std_L12_lam0.52_s14
12 0.52 0.48 0.52 2000 1015 15 std_L12_lam0.52_s15
12 0.52 0.48 0.52 2000 1016 16 std_L12_lam0.52_s16
12 0.52 0.48 0.52 2000 1017 17 std_L12_lam0.52_s17
12 0.52 0.48 0.52 2000 1018 18 std_L12_lam0.52_s18
12 0.52 0.48 0.52 2000 1019 19 std_L12_lam0.52_s19
12 0.52 0.48 0.52 2000 1020 20 std_L12_lam0.52_s20
12 0.53 0.47 0.53 2000 1001 1 std_L12_lam0.53_s1
12 0.53 0.47 0.53 2000 1002 2 std_L12_lam0.53_s2
12 0.53 0.47 0.53 2000 1003 3 std_L12_lam0.53_s3
12 0.53 0.47 0.53 2000 1004 4 std_L12_lam0.53_s4
12 0.53 0.47 0.53 2000 1005 5 std_L12_lam0.53_s5
12 0.53 0.47 0.53 2000 1006 6 std_L12_lam0.53_s6
12 0.53 0.47 0.53 2000 1007 7 std_L12_lam0.53_s7
12 0.53 0.47 0.53 2000 1008 8 std_L12_lam0.53_s8
12 0.53 0.47 0.53 2000 1009 9 std_L12_lam0.53_s9
12 0.53 0.47 0.53 2000 1010 10 std_L12_lam0.53_s10
12 0.53 0.47 0.53 2000 1011 11 std_L12_lam0.53_s11
12 0.53 0.47 0.53 2000 1012 12 std_L12_lam0.53_s12
12 0.53 0.47 0.53 2000 1013 13 std_L12_lam0.53_s13
12 0.53 0.47 0.53 2000 1014 14 std_L12_lam0.53_s14
12 0.53 0.47 0.53 2000 1015 15 std_L12_lam0.53_s15
12 0.53 0.47 0.53 2000 1016 16 std_L12_lam0.53_s16
12 0.53 0.47 0.53 2000 1017 17 std_L12_lam0.53_s17
12 0.53 0.47 0.53 2000 1018 18 std_L12_lam0.53_s18
12 0.53 0.47 0.53 2000 1019 19 std_L12_lam0.53_s19
12 0.53 0.47 0.53 2000 1020 20 std_L12_lam0.53_s20
12 0.54 0.45999999999999996 0.54 2000 1001 1 std_L12_lam0.54_s1
12 0.54 0.45999999999999996 0.54 2000 1002 2 std_L12_lam0.54_s2
12 0.54 0.45999999999999996 0.54 2000 1003 3 std_L12_lam0.54_s3
12 0.54 0.45999999999999996 0.54 2000 1004 4 std_L12_lam0.54_s4
12 0.54 0.45999999999999996 0.54 2000 1005 5 std_L12_lam0.54_s5
12 0.54 0.45999999999999996 0.54 2000 1006 6 std_L12_lam0.54_s6
12 0.54 0.45999999999999996 0.54 2000 1007 7 std_L12_lam0.54_s7
12 0.54 0.45999999999999996 0.54 2000 1008 8 std_L12_lam0.54_s8
12 0.54 0.45999999999999996 0.54 2000 1009 9 std_L12_lam0.54_s9
12 0.54 0.45999999999999996 0.54 2000 1010 10 std_L12_lam0.54_s10
12 0.54 0.45999999999999996 0.54 2000 1011 11 std_L12_lam0.54_s11
12 0.54 0.45999999999999996 0.54 2000 1012 12 std_L12_lam0.54_s12
12 0.54 0.45999999999999996 0.54 2000 1013 13 std_L12_lam0.54_s13
12 0.54 0.45999999999999996 0.54 2000 1014 14 std_L12_lam0.54_s14
12 0.54 0.45999999999999996 0.54 2000 1015 15 std_L12_lam0.54_s15
12 0.54 0.45999999999999996 0.54 2000 1016 16 std_L12_lam0.54_s16
12 0.54 0.45999999999999996 0.54 2000 1017 17 std_L12_lam0.54_s17
12 0.54 0.45999999999999996 0.54 2000 1018 18 std_L12_lam0.54_s18
12 0.54 0.45999999999999996 0.54 2000 1019 19 std_L12_lam0.54_s19
12 0.54 0.45999999999999996 0.54 2000 1020 20 std_L12_lam0.54_s20
12 0.55 0.44999999999999996 0.55 2000 1001 1 std_L12_lam0.55_s1
12 0.55 0.44999999999999996 0.55 2000 1002 2 std_L12_lam0.55_s2
12 0.55 0.44999999999999996 0.55 2000 1003 3 std_L12_lam0.55_s3
12 0.55 0.44999999999999996 0.55 2000 1004 4 std_L12_lam0.55_s4
12 0.55 0.44999999999999996 0.55 2000 1005 5 std_L12_lam0.55_s5
12 0.55 0.44999999999999996 0.55 2000 1006 6 std_L12_lam0.55_s6
12 0.55 0.44999999999999996 0.55 2000 1007 7 std_L12_lam0.55_s7
12 0.55 0.44999999999999996 0.55 2000 1008 8 std_L12_lam0.55_s8
12 0.55 0.44999999999999996 0.55 2000 1009 9 std_L12_lam0.55_s9
12 0.55 0.44999999999999996 0.55 2000 1010 10 std_L12_lam0.55_s10
12 0.55 0.44999999999999996 0.55 2000 1011 11 std_L12_lam0.55_s11
12 0.55 0.44999999999999996 0.55 2000 1012 12 std_L12_lam0.55_s12
12 0.55 0.44999999999999996 0.55 2000 1013 13 std_L12_lam0.55_s13
12 0.55 0.44999999999999996 0.55 2000 1014 14 std_L12_lam0.55_s14
12 0.55 0.44999999999999996 0.55 2000 1015 15 std_L12_lam0.55_s15
12 0.55 0.44999999999999996 0.55 2000 1016 16 std_L12_lam0.55_s16
12 0.55 0.44999999999999996 0.55 2000 1017 17 std_L12_lam0.55_s17
12 0.55 0.44999999999999996 0.55 2000 1018 18 std_L12_lam0.55_s18
12 0.55 0.44999999999999996 0.55 2000 1019 19 std_L12_lam0.55_s19
12 0.55 0.44999999999999996 0.55 2000 1020 20 std_L12_lam0.55_s20
12 0.6 0.4 0.6 2000 1001 1 std_L12_lam0.6_s1
12 0.6 0.4 0.6 2000 1002 2 std_L12_lam0.6_s2
12 0.6 0.4 0.6 2000 1003 3 std_L12_lam0.6_s3
12 0.6 0.4 0.6 2000 1004 4 std_L12_lam0.6_s4
12 0.6 0.4 0.6 2000 1005 5 std_L12_lam0.6_s5
12 0.6 0.4 0.6 2000 1006 6 std_L12_lam0.6_s6
12 0.6 0.4 0.6 2000 1007 7 std_L12_lam0.6_s7
12 0.6 0.4 0.6 2000 1008 8 std_L12_lam0.6_s8
12 0.6 0.4 0.6 2000 1009 9 std_L12_lam0.6_s9
12 0.6 0.4 0.6 2000 1010 10 std_L12_lam0.6_s10
12 0.6 0.4 0.6 2000 1011 11 std_L12_lam0.6_s11
12 0.6 0.4 0.6 2000 1012 12 std_L12_lam0.6_s12
12 0.6 0.4 0.6 2000 1013 13 std_L12_lam0.6_s13
12 0.6 0.4 0.6 2000 1014 14 std_L12_lam0.6_s14
12 0.6 0.4 0.6 2000 1015 15 std_L12_lam0.6_s15
12 0.6 0.4 0.6 2000 1016 16 std_L12_lam0.6_s16
12 0.6 0.4 0.6 2000 1017 17 std_L12_lam0.6_s17
12 0.6 0.4 0.6 2000 1018 18 std_L12_lam0.6_s18
12 0.6 0.4 0.6 2000 1019 19 std_L12_lam0.6_s19
12 0.6 0.4 0.6 2000 1020 20 std_L12_lam0.6_s20
12 0.65 0.35 0.65 2000 1001 1 std_L12_lam0.65_s1
12 0.65 0.35 0.65 2000 1002 2 std_L12_lam0.65_s2
12 0.65 0.35 0.65 2000 1003 3 std_L12_lam0.65_s3
12 0.65 0.35 0.65 2000 1004 4 std_L12_lam0.65_s4
12 0.65 0.35 0.65 2000 1005 5 std_L12_lam0.65_s5
12 0.65 0.35 0.65 2000 1006 6 std_L12_lam0.65_s6
12 0.65 0.35 0.65 2000 1007 7 std_L12_lam0.65_s7
12 0.65 0.35 0.65 2000 1008 8 std_L12_lam0.65_s8
12 0.65 0.35 0.65 2000 1009 9 std_L12_lam0.65_s9
12 0.65 0.35 0.65 2000 1010 10 std_L12_lam0.65_s10
12 0.65 0.35 0.65 2000 1011 11 std_L12_lam0.65_s11
12 0.65 0.35 0.65 2000 1012 12 std_L12_lam0.65_s12
12 0.65 0.35 0.65 2000 1013 13 std_L12_lam0.65_s13
12 0.65 0.35 0.65 2000 1014 14 std_L12_lam0.65_s14
12 0.65 0.35 0.65 2000 1015 15 std_L12_lam0.65_s15
12 0.65 0.35 0.65 2000 1016 16 std_L12_lam0.65_s16
12 0.65 0.35 0.65 2000 1017 17 std_L12_lam0.65_s17
12 0.65 0.35 0.65 2000 1018 18 std_L12_lam0.65_s18
12 0.65 0.35 0.65 2000 1019 19 std_L12_lam0.65_s19
12 0.65 0.35 0.65 2000 1020 20 std_L12_lam0.65_s20
12 0.7 0.30000000000000004 0.7 2000 1001 1 std_L12_lam0.7_s1
12 0.7 0.30000000000000004 0.7 2000 1002 2 std_L12_lam0.7_s2
12 0.7 0.30000000000000004 0.7 2000 1003 3 std_L12_lam0.7_s3
12 0.7 0.30000000000000004 0.7 2000 1004 4 std_L12_lam0.7_s4
12 0.7 0.30000000000000004 0.7 2000 1005 5 std_L12_lam0.7_s5
12 0.7 0.30000000000000004 0.7 2000 1006 6 std_L12_lam0.7_s6
12 0.7 0.30000000000000004 0.7 2000 1007 7 std_L12_lam0.7_s7
12 0.7 0.30000000000000004 0.7 2000 1008 8 std_L12_lam0.7_s8
12 0.7 0.30000000000000004 0.7 2000 1009 9 std_L12_lam0.7_s9
12 0.7 0.30000000000000004 0.7 2000 1010 10 std_L12_lam0.7_s10
12 0.7 0.30000000000000004 0.7 2000 1011 11 std_L12_lam0.7_s11
12 0.7 0.30000000000000004 0.7 2000 1012 12 std_L12_lam0.7_s12
12 0.7 0.30000000000000004 0.7 2000 1013 13 std_L12_lam0.7_s13
12 0.7 0.30000000000000004 0.7 2000 1014 14 std_L12_lam0.7_s14
12 0.7 0.30000000000000004 0.7 2000 1015 15 std_L12_lam0.7_s15
12 0.7 0.30000000000000004 0.7 2000 1016 16 std_L12_lam0.7_s16
12 0.7 0.30000000000000004 0.7 2000 1017 17 std_L12_lam0.7_s17
12 0.7 0.30000000000000004 0.7 2000 1018 18 std_L12_lam0.7_s18
12 0.7 0.30000000000000004 0.7 2000 1019 19 std_L12_lam0.7_s19
12 0.7 0.30000000000000004 0.7 2000 1020 20 std_L12_lam0.7_s20
12 0.8 0.19999999999999996 0.8 2000 1001 1 std_L12_lam0.8_s1
12 0.8 0.19999999999999996 0.8 2000 1002 2 std_L12_lam0.8_s2
12 0.8 0.19999999999999996 0.8 2000 1003 3 std_L12_lam0.8_s3
12 0.8 0.19999999999999996 0.8 2000 1004 4 std_L12_lam0.8_s4
12 0.8 0.19999999999999996 0.8 2000 1005 5 std_L12_lam0.8_s5
12 0.8 0.19999999999999996 0.8 2000 1006 6 std_L12_lam0.8_s6
12 0.8 0.19999999999999996 0.8 2000 1007 7 std_L12_lam0.8_s7
12 0.8 0.19999999999999996 0.8 2000 1008 8 std_L12_lam0.8_s8
12 0.8 0.19999999999999996 0.8 2000 1009 9 std_L12_lam0.8_s9
12 0.8 0.19999999999999996 0.8 2000 1010 10 std_L12_lam0.8_s10
12 0.8 0.19999999999999996 0.8 2000 1011 11 std_L12_lam0.8_s11
12 0.8 0.19999999999999996 0.8 2000 1012 12 std_L12_lam0.8_s12
12 0.8 0.19999999999999996 0.8 2000 1013 13 std_L12_lam0.8_s13
12 0.8 0.19999999999999996 0.8 2000 1014 14 std_L12_lam0.8_s14
12 0.8 0.19999999999999996 0.8 2000 1015 15 std_L12_lam0.8_s15
12 0.8 0.19999999999999996 0.8 2000 1016 16 std_L12_lam0.8_s16
12 0.8 0.19999999999999996 0.8 2000 1017 17 std_L12_lam0.8_s17
12 0.8 0.19999999999999996 0.8 2000 1018 18 std_L12_lam0.8_s18
12 0.8 0.19999999999999996 0.8 2000 1019 19 std_L12_lam0.8_s19
12 0.8 0.19999999999999996 0.8 2000 1020 20 std_L12_lam0.8_s20
12 0.9 0.09999999999999998 0.9 2000 1001 1 std_L12_lam0.9_s1
12 0.9 0.09999999999999998 0.9 2000 1002 2 std_L12_lam0.9_s2
12 0.9 0.09999999999999998 0.9 2000 1003 3 std_L12_lam0.9_s3
12 0.9 0.09999999999999998 0.9 2000 1004 4 std_L12_lam0.9_s4
12 0.9 0.09999999999999998 0.9 2000 1005 5 std_L12_lam0.9_s5
12 0.9 0.09999999999999998 0.9 2000 1006 6 std_L12_lam0.9_s6
12 0.9 0.09999999999999998 0.9 2000 1007 7 std_L12_lam0.9_s7
12 0.9 0.09999999999999998 0.9 2000 1008 8 std_L12_lam0.9_s8
12 0.9 0.09999999999999998 0.9 2000 1009 9 std_L12_lam0.9_s9
12 0.9 0.09999999999999998 0.9 2000 1010 10 std_L12_lam0.9_s10
12 0.9 0.09999999999999998 0.9 2000 1011 11 std_L12_lam0.9_s11
12 0.9 0.09999999999999998 0.9 2000 1012 12 std_L12_lam0.9_s12
12 0.9 0.09999999999999998 0.9 2000 1013 13 std_L12_lam0.9_s13
12 0.9 0.09999999999999998 0.9 2000 1014 14 std_L12_lam0.9_s14
12 0.9 0.09999999999999998 0.9 2000 1015 15 std_L12_lam0.9_s15
12 0.9 0.09999999999999998 0.9 2000 1016 16 std_L12_lam0.9_s16
12 0.9 0.09999999999999998 0.9 2000 1017 17 std_L12_lam0.9_s17
12 0.9 0.09999999999999998 0.9 2000 1018 18 std_L12_lam0.9_s18
12 0.9 0.09999999999999998 0.9 2000 1019 19 std_L12_lam0.9_s19
12 0.9 0.09999999999999998 0.9 2000 1020 20 std_L12_lam0.9_s20
